Time [s],Lmtc [m],STIM [ ],Fsee [ ],gamma [ ],Lcerel [ ]
0.0,0.044547808010034884,1.0,0.34383485694854204,1.1333710853431471,1.375580811708333e-05
0.001,0.04452485556983966,1.0,0.26671640016244136,1.1344849065325855,0.036337121373739456
0.002,0.04450158096817294,1.0,0.23232639799185095,1.134060408024333,0.071341082560986
0.003,0.04447830636650621,1.0,0.2700750953201252,1.1305622849302701,0.10507356421765088
0.004,0.04445503176483949,1.0,0.4195108923009193,1.123215162590313,0.13758075174969284
0.005,0.04443175716317276,1.0,0.6194305342171893,1.115385088578937,0.16890715567295256
0.006,0.044408482561506035,1.0,0.8440329198191361,1.1078818126173349,0.19909567241573167
0.007,0.044385207959839315,1.0,1.0829567128495332,1.1007933391639446,0.22818762782211688
0.008,0.04436193335817259,1.0,1.3281079495254138,1.0941376377676977,0.25622285338656264
0.009000000000000001,0.04433865875650587,1.0,1.5733656362110828,1.0879029775538722,0.2832397332288518
0.01,0.04431538415483914,1.0,1.8144624900857114,1.0820612935281841,0.3092752593800265
0.011,0.04429210955317242,1.0,2.0486025479806593,1.076577857600393,0.33436507097257956
0.012,0.044268834951505694,1.0,2.274079960622736,1.07141670007066,0.35854352953423446
0.013000000000000001,0.044245560349838974,1.0,2.4898903567349286,1.066544371885543,0.38184373611452754
0.014,0.044222285748172246,1.0,2.695491732769677,1.0619309919546247,0.40429758871706656
0.015,0.044199011146505526,1.0,2.890724823662395,1.0575493742941882,0.4259358295140951
0.016,0.0441757365448388,1.0,3.075685434270597,1.0533751909845532,0.44678808717885193
0.017,0.04415246194317208,1.0,3.250630650147088,1.04938691763287,0.4668829139501933
0.018000000000000002,0.04412918734150535,1.0,3.415915653937556,1.0455656142916931,0.4862478212124858
0.019,0.04410591273983863,1.0,3.5719522241837085,1.041894639043973,0.5049093217322763
0.02,0.044082638138171905,1.0,3.719180351946557,1.0383593682741703,0.5228929654769129
0.021,0.044059363536505185,1.0,3.8580493942549317,1.0349469350180807,0.5402233738062393
0.022,0.04403608893483846,1.0,3.989005833337368,1.031645993224464,0.5569242733856866
0.023,0.04401281433317174,1.0,4.1124855347768206,1.028446510490415,0.5730185304546788
0.024,0.04398953973150501,1.0,4.2289087284324385,1.0253395918274997,0.5885281806606814
0.025,0.04396626512983829,1.0,4.338677167517694,1.0223173271768666,0.6034744592295759
0.026000000000000002,0.04394299052817156,1.0,4.442172661192742,1.0193726611670737,0.6178778300401271
0.027,0.04391971592650484,1.0,4.539756529154227,1.016499282008578,0.6317580136423506
0.028,0.043896441324838116,1.0,4.631769667564843,1.0136915266862858,0.6451340142581443
0.029,0.043873166723171396,1.0,4.718533012278429,1.0109442999542808,0.6580241458011485
0.03,0.04384989212150467,1.0,4.800348251870814,1.0082530049865541,0.6704460569514641
0.031,0.04382661751983795,1.0,4.877498689039563,1.0056134838624957,0.682416755319556
0.032,0.04380334291817122,1.0,4.9502501809073385,1.0030219663537017,0.6939526307324309
0.033,0.0437800683165045,1.0,5.018852128726433,1.0004750255582986,0.7050694776739665
0.034,0.043756793714837774,1.0,5.083538083881839,0.9979695431085013,0.7157825169101221
0.035,0.043733519113171054,1.0,5.144525088868151,0.9955026909831236,0.7261064163286344
0.036000000000000004,0.04371024451150433,1.0,5.202016055660514,0.9930718884355494,0.7360553110217342
0.037,0.04368696990983761,1.0,5.25620156002681,0.9906747681502116,0.7456428226393794
0.038,0.04366369530817088,1.0,5.307260613283073,0.9883091548170507,0.7548820780395032
0.039,0.04364042070650416,1.0,5.355361386937957,0.9859730463334465,0.7637857272608098
0.04,0.04361714610483743,1.0,5.400661898198371,0.9836645971946498,0.7723659608427295
0.041,0.04359387150317071,1.0,5.443310655727176,0.9813821037807076,0.7806345265162429
0.042,0.043570596901503986,1.0,5.483447266059428,0.9791239912908972,0.7886027452884302
0.043000000000000003,0.043547322299837266,1.0,5.521203001765812,0.976888802112935,0.7962815269427654
0.044,0.04352404769817054,1.0,5.556701332880176,0.9746751854448011,0.803681384976378
0.045,0.04350077309650382,1.0,5.590058423373228,0.9724818880128517,0.8108124509947361
0.046,0.04347749849483709,1.0,5.621383594586245,0.970307745751745,0.8176844885834568
0.047,0.04345422389317037,1.0,5.650779757597018,0.9681516763302321,0.8243069066762376
0.048,0.043430949291503644,1.0,5.678343816475529,0.9660126724226076,0.8306887724372127
0.049,0.043407674689836924,1.0,5.704167044348805,0.9638897956390079,0.8368388236753708
0.05,0.0433844000881702,1.0,5.728335434112803,0.9617821710391813,0.8427654808080319
0.051000000000000004,0.04336112548650348,1.0,5.750930025548972,0.9596889821641214,0.8484768583897645
0.052000000000000005,0.04333785088483675,1.0,5.77202721049925,0.9576094665283396,0.8539807762225264
0.053,0.04331457628317003,1.0,5.791699017657585,0.9555429115227374,0.8592847700622409
0.054,0.0432913016815033,1.0,5.810013378429761,0.9534886506842412,0.8643961019364692
0.055,0.04326802707983658,1.0,5.827034375218803,0.9514460602936978,0.8693217700873035
0.056,0.043244752478169855,1.0,5.842822473391805,0.9494145562681526,0.8740685185530946
0.057,0.043221477876503135,1.0,5.857434738099102,0.9473935913176351,0.8786428464021347
0.058,0.04319820327483641,1.0,5.870925037023806,0.9453826523400494,0.8830510166309349
0.059000000000000004,0.04317492867316969,1.0,5.88334423006457,0.943381258030797,0.8872990647392833
0.06,0.04315165407150296,1.0,5.894740346874067,0.9413889566863928,0.8913928069938228
0.061,0.04312837946983624,1.0,5.905158753110206,0.9394053241836402,0.8953378483914632
0.062,0.043105104868169514,1.0,5.914642306187224,0.9374299621179522,0.8991395903335306
0.063,0.043081830266502794,1.0,5.923231501258191,0.9354624960861708,0.9028032380211618
0.064,0.043058555664836067,1.0,5.930964608101253,0.9335025741007966,0.9063338075820684
0.065,0.043035281063169346,1.0,5.93787779953384,0.9315498651239056,0.9097361329384291
0.066,0.04301200646150262,1.0,5.944005271929642,0.9296040577102445,0.9130148724253134
0.067,0.0429887318598359,1.0,5.949379358371746,0.9276648587500566,0.9161745151686964
0.068,0.04296545725816917,1.0,5.9540306349335745,0.9257319923031431,0.9192193872318015
0.069,0.04294218265650245,1.0,5.95798802054551,0.9238051985164943,0.9221536575381815
0.07,0.042918908054835725,1.0,5.961278870867306,0.9218842326185807,0.9249813435796511
0.07100000000000001,0.042895633453169005,1.0,5.963929066560608,0.919968863984043,0.9277063169168849
0.07200000000000001,0.04287235885150228,1.0,5.9659630963220245,0.9180588752631262,0.9303323084802112
0.073,0.04284908424983556,1.0,5.967404135015874,0.9161540615707159,0.9328629136778612
0.074,0.04282580964816883,1.0,5.968274117218201,0.9142542297303148,0.9353015973186651
0.075,0.04280253504650211,1.0,5.968593806463198,0.9123591975687183,0.9376516983559376
0.076,0.04277926044483538,1.0,5.968382860462257,0.9104687932575225,0.9399164344590465
0.077,0.04275598584316866,1.0,5.967659892547445,0.9085828546979449,0.9420989064189232
0.078,0.042732711241501936,1.0,5.966442529572766,0.9067012289457346,0.944202102393549
0.079,0.042709436639835216,1.0,5.964747466492356,0.9048237716732361,0.9462289019992274
0.08,0.04268616203816849,1.0,5.962590517817328,0.9029503466659063,0.9481820802532456
0.081,0.04266288743650177,1.0,5.959986666143494,0.9010808253508201,0.9500643113733237
0.082,0.04263961283483504,1.0,5.95695010792363,0.899215086354896,0.9518781724390517
0.083,0.04261633823316832,1.0,5.953494296652789,0.8973530150907593,0.9536261469203299
0.084,0.042593063631501595,1.0,5.949631983618585,0.8954945033683279,0.9553106280776413
0.085,0.04256978902983487,1.0,5.945375256362678,0.8936394490303572,0.9569339222388138
0.08600000000000001,0.04254651442816815,1.0,5.940735574987889,0.8917877556103151,0.9584982519567562
0.08700000000000001,0.04252323982650143,1.0,5.93572380643674,0.8899393320110894,0.9600057590524945
0.088,0.0424999652248347,1.0,5.930350256861339,0.8880940922031398,0.9614585075476715
0.089,0.04247669062316798,1.0,5.924624702194754,0.8862519549408103,0.962858486490527
0.09,0.04245341602150125,1.0,5.918556417027553,0.8844128434956192,0.9642076126792275
0.091,0.04243014141983453,1.0,5.912154201888247,0.8825766854054237,0.9655077332862742
0.092,0.042406866818167806,1.0,5.905426409018073,0.8807434122384402,0.9667606283875808
0.093,0.04238359221650108,1.0,5.898380966727317,0.8789129593711762,0.9679680133996866
0.094,0.04236031761483436,1.0,5.891025402412765,0.8770852657793906,0.9691315414284399
0.095,0.04233704301316764,1.0,5.883366864312932,0.8752602738412696,0.9702528055323675
0.096,0.04231376841150091,1.0,5.875412142072164,0.8734379291520545,0.9713333409038303
0.097,0.042290493809834184,1.0,5.867167686181173,0.8716181803494151,0.9723746269709511
0.098,0.042267219208167464,1.0,5.858639626356254,0.8698009789489084,0.9733780894231908
0.099,0.04224394460650074,1.0,5.849833788917025,0.8679862791889081,0.974345102163349
0.1,0.04222067000483402,1.0,5.840755713219139,0.8661740378844304,0.9752769891886592
0.101,0.04219739540316729,1.0,5.8314106671935,0.8643642142893193,0.9761750264035562
0.10200000000000001,0.04217412080150057,1.0,5.8218036620428135,0.8625567699662947,0.9770404433665958
0.10300000000000001,0.04215084619983384,1.0,5.811939466140885,0.8607516686643887,0.9778744249739199
0.10400000000000001,0.04212757159816712,1.0,5.801822618180511,0.858948876203339,0.9786781130815715
0.105,0.042104296996500395,1.0,5.791457439608784,0.8571483603645254,0.9794526080688807
0.106,0.042081022394833675,1.0,5.780848046392209,0.855350090788067,0.9801989703450624
0.107,0.04205774779316695,1.0,5.7699983601458795,0.8535540388757212,0.9809182218010888
0.108,0.04203447319150023,1.0,5.7589121186631544,0.8517601776992474,0.9816113472088233
0.109,0.0420111985898335,1.0,5.747592885877599,0.8499684819139176,0.9822792955693329
0.11,0.04198792398816678,1.0,5.736044061289746,0.8481789276768816,0.982922981412225
0.111,0.041964649386500054,1.0,5.724268888885541,0.846391492570104,0.9835432860477865
0.112,0.041941374784833334,1.0,5.712270465577609,0.8446061555276143,0.9841410587736401
0.113,0.04191810018316661,1.0,5.700051749191174,0.8428228967668255,0.984717118037571
0.114,0.04189482558149989,1.0,5.687615566023549,0.8410416977236883,0.9852722525581142
0.115,0.04187155097983316,1.0,5.674964617997383,0.8392625409914655,0.9858072224044386
0.116,0.04184827637816644,1.0,5.662101489431343,0.8374854102629228,0.9863227600370043
0.117,0.04182500177649971,1.0,5.649028653447935,0.8357102902757451,0.9868195713104198
0.11800000000000001,0.04180172717483299,1.0,5.635748478039748,0.8339371667609949,0.9872983364398719
0.11900000000000001,0.041778452573166265,1.0,5.6222632318104395,0.8321660263944484,0.9877597109324505
0.12,0.041755177971499545,1.0,5.608575089410463,0.8303968567506426,0.9882043264846434
0.121,0.04173190336983282,1.0,5.594686136681579,0.8286296462594901,0.9886327918472321
0.122,0.0417086287681661,1.0,5.580598375528807,0.8268643841653147,0.9890456936587696
0.123,0.04168535416649937,1.0,5.566313728531287,0.825101060488177,0.9894435972487845
0.124,0.04166207956483265,1.0,5.5518340433097775,0.8233396659873617,0.9898270474118076
0.125,0.041638804963165924,1.0,5.537161096660015,0.821580192126913,0.9901965691532854
0.126,0.0416155303614992,1.0,5.522296598468846,0.8198226310430994,0.9905526684083963
0.127,0.041592255759832476,1.0,5.507242195420776,0.8180669755137088,0.990895832734759
0.128,0.041568981158165756,1.0,5.491999474509734,0.8163132189290713,0.9912265319799773
0.129,0.04154570655649903,1.0,5.476569966363932,0.8145613552647164,0.9915452189249377
0.13,0.04152243195483231,1.0,5.460955148396253,0.8128113790555777,0.9918523299037402
0.131,0.04149915735316558,1.0,5.445156447786922,0.8110632853716592,0.9921482854011098
0.132,0.04147588275149886,1.0,5.429175244310898,0.8093170697950879,0.992433490628109
0.133,0.041452608149832135,1.0,5.413012873015003,0.807572728398475,0.9927083360769371
0.134,0.041429333548165415,1.0,5.396670626755462,0.8058302577245198,0.9929731980555772
0.135,0.04140605894649869,1.0,5.380149758601979,0.8040896547667844,0.993228439203023
0.136,0.04138278434483197,1.0,5.3634514841165215,0.8023509169515849,0.9934744089857904
0.137,0.04135950974316524,1.0,5.34657698351273,0.8006140421209322,0.9937114441763939
0.138,0.04133623514149852,1.0,5.329527403703342,0.7988790285164722,0.9939398693144424
0.139,0.04131296053983179,1.0,5.312303860240826,0.7971458747643716,0.994159997150987
0.14,0.04128968593816507,1.0,5.294907439158033,0.7954145798610989,0.9943721290767278
0.14100000000000001,0.041266411336498346,1.0,5.277339198713245,0.7936851431600549,0.9945765555346662
0.14200000000000002,0.041243136734831626,1.0,5.2596001710459515,0.7919575643590093,0.9947735564177691
0.14300000000000002,0.0412198621331649,1.0,5.241691363747066,0.7902318434883002,0.9949634014521873
0.14400000000000002,0.04119658753149818,1.0,5.223613761349505,0.7885079808997582,0.9951463505665549
0.145,0.04117331292983145,1.0,5.20536832674232,0.7867859772563186,0.9953226542478726
0.146,0.04115003832816473,1.0,5.186956002513556,0.7850658335222863,0.9954925538844663
0.147,0.041126763726498004,1.0,5.16837771222489,0.7833475509542199,0.9956562820964864
0.148,0.041103489124831284,1.0,5.1496343616230265,0.7816311310924051,0.9958140630544019
0.149,0.04108021452316456,1.0,5.1307268397894354,0.7799165757528868,0.9959661127859271
0.15,0.04105693992149784,1.0,5.111656020234342,0.7782038870200338,0.996112639471798
0.151,0.04103366531983111,1.0,5.092422761935547,0.7764930672396093,0.9962538437308054
0.152,0.04101039071816439,1.0,5.0730279103270695,0.7747841190123217,0.9963899188944749
0.153,0.04098711611649766,1.0,5.053472298239561,0.773077045187834,0.996521051271769
0.154,0.04096384151483094,1.0,5.033756746795153,0.77137184885921,0.9966474204041741
0.155,0.040940566913164216,1.0,5.013882066259383,0.7696685333577753,0.9967691993115221
0.156,0.040917292311497495,1.0,4.993849056853585,0.7679671022483756,0.9968865547288824
0.157,0.04089401770983077,1.0,4.973658509527689,0.7662675593250126,0.9969996473348496
0.158,0.04087074310816405,1.0,4.953311206698582,0.7645699086068413,0.9971086319715381
0.159,0.04084746850649732,1.0,4.932807922953657,0.7628741543345126,0.9972136578565864
0.16,0.0408241939048306,1.0,4.912149425723062,0.7611803009668456,0.9973148687874603
0.161,0.040800919303163874,1.0,4.891336475921355,0.7594883531778158,0.9974124033383346
0.162,0.040777644701497154,1.0,4.870369828561328,0.757798315853845,0.9975063950498235
0.163,0.04075437009983043,1.0,4.849250233341273,0.7561101940913827,0.9975969726118202
0.164,0.0407310954981637,1.0,4.827978435206679,0.754423993194764,0.9976842600396933
0.165,0.04070782089649698,1.0,4.806555174889345,0.752739718674336,0.9977683768440847
0.166,0.04068454629483026,1.0,4.784981189423357,0.7510573762448406,0.9978494381945379
0.167,0.04066127169316353,1.0,4.7632572126411485,0.7493769718240454,0.9979275550771852
0.168,0.040637997091496805,1.0,4.741383975649905,0.7476985115316125,0.9980028344467052
0.169,0.040614722489830085,1.0,4.719362207289847,0.7460220016881979,0.9980753793727604
0.17,0.040591447888163365,1.0,4.697192634575114,0.7443474488147734,0.9981452891811169
0.171,0.04056817328649664,1.0,4.6748759831190725,0.7426748596321641,0.9982126595896379
0.17200000000000001,0.04054489868482991,1.0,4.652412977545125,0.741004241060794,0.998277582839336
0.17300000000000001,0.04052162408316319,1.0,4.629804341882872,0.7393356002206355,0.9983401478206668
0.17400000000000002,0.040498349481496464,1.0,4.607050799951821,0.7376689444313542,0.9984004401952341
0.17500000000000002,0.040475074879829744,1.0,4.5841530757332976,0.7360042812126477,0.9984585425130745
0.176,0.040451800278163016,1.0,4.561111893730852,0.7343416182847693,0.9985145343256819
0.177,0.040428525676496296,1.0,4.537927979320821,0.7326809635692365,0.9985684922949264
0.178,0.040405251074829576,1.0,4.514602059092991,0.7310223251897181,0.9986204902980167
0.179,0.04038197647316285,1.0,4.491134861182872,0.7293657114730956,0.9986705995286498
0.18,0.04035870187149612,1.0,4.467527115596152,0.727711130950699,0.9987188885944874
0.181,0.0403354272698294,1.0,4.443779554525324,0.7260585923597112,0.9987654236110903
0.182,0.04031215266816268,1.0,4.4198929126602895,0.7244081046447408,0.9988102682924415
0.183,0.040288878066495955,1.0,4.39586792749241,0.7227596769595593,0.9988534840381806
0.184,0.04026560346482923,1.0,4.371705339614258,0.7211133186690026,0.9988951300176709
0.185,0.04024232886316251,1.0,4.347405893013434,0.7194690393510359,0.9989352632510108
0.186,0.04021905426149578,1.0,4.3229703353629665,0.7178268487989783,0.9989739386871038
0.187,0.04019577965982906,1.0,4.298399418308078,0.7161867570238901,0.999011209278893
0.188,0.04017250505816233,1.0,4.273693897749383,0.7145487742571194,0.9990471260558613
0.189,0.04014923045649561,1.0,4.248854534124665,0.712912910953009,0.9990817381939003
0.19,0.040125955854828886,1.0,4.223882092687096,0.7112791777917647,0.999115093082639
0.191,0.040102681253162166,1.0,4.198777343783615,0.7096475856824841,0.9991472363903281
0.192,0.04007940665149544,1.0,4.173541063130689,0.7080181457663467,0.9991782121263676
0.193,0.04005613204982872,1.0,4.148174032090981,0.7063908694199684,0.9992080627015627
0.194,0.04003285744816199,1.0,4.122677037948688,0.7047657682589191,0.9992368289861907
0.195,0.04000958284649527,1.0,4.097050874186194,0.7031428541414065,0.9992645503659596
0.196,0.039986308244828545,1.0,4.0712963407607905,0.7015221391721285,0.999291264795933
0.197,0.039963033643161824,1.0,4.04541424438335,0.699903635706294,0.9993170088524971
0.198,0.0399397590414951,1.0,4.019405398797985,0.6982873563538188,0.9993418177834393
0.199,0.03991648443982838,1.0,3.9932706250645325,0.6966733139836944,0.9993657255562088
0.2,0.03989320983816165,1.0,3.9670107518430275,0.6950615217285371,0.9993887649044229
0.201,0.03986993523649493,1.0,3.94062661568162,0.6934519929893175,0.9994109673726848
0.202,0.0398466606348282,1.0,3.9141190613075243,0.6918447414402766,0.9994323633597737
0.203,0.03982338603316148,1.0,3.887488941922137,0.6902397810340306,0.9994529821602649
0.20400000000000001,0.039800111431494756,1.0,3.86073711950025,0.68863712600687,0.9994728520046396
0.20500000000000002,0.039776836829828036,1.0,3.8338644650941163,0.6870367908842561,0.9994920000979364
0.20600000000000002,0.03975356222816131,1.0,3.8068718591426403,0.6854387904865215,0.9995104526569996
0.20700000000000002,0.03973028762649459,1.0,3.7797601917860373,0.6838431399347785,0.9995282349463745
0.20800000000000002,0.03970701302482786,1.0,3.7525303631868385,0.682249854657042,0.9995453713128988
0.209,0.03968373842316114,1.0,3.7251832838572385,0.6806589503945715,0.9995618852190362
0.21,0.039660463821494414,1.0,3.6977198749931746,0.6790704432084395,0.9995777992750023
0.211,0.039637189219827694,1.0,3.670141068816823,0.6774843494863331,0.9995931352697198
0.212,0.03961391461816097,1.0,3.6424478089255685,0.675900685949595,0.9996079142006523
0.213,0.03959064001649425,1.0,3.614641050650871,0.6743194696605109,0.9996221563025521
0.214,0.03956736541482752,1.0,3.586721761425128,0.672740718029854,0.9996358810751663
0.215,0.0395440908131608,1.0,3.5586909211587927,0.67116444882469,0.9996491073099337
0.216,0.03952081621149407,1.0,3.530549522626414,0.6695906801764558,0.9996618531157144
0.217,0.03949754160982735,1.0,3.502298571865111,0.668019430589319,0.9996741359435831
0.218,0.039474267008160625,1.0,3.4739390885820045,0.6664507189488273,0.9996859726107226
0.219,0.039450992406493905,1.0,3.4454721065754925,0.6648845645308592,0.9996973793234495
0.22,0.03942771780482718,1.0,3.4168986741675083,0.6633209870108858,0.999708371699403
0.221,0.03940444320316046,1.0,3.3882198546498365,0.6617600064735557,0.9997189647889281
0.222,0.03938116860149373,1.0,3.359436726743324,0.6602016434226131,0.9997291730956818
0.223,0.03935789399982701,1.0,3.330550385072354,0.6586459187911639,0.9997390105964914
0.224,0.039334619398160284,1.0,3.301561940653901,0.6570928539522995,0.9997484907604905
0.225,0.039311344796493564,1.0,3.2724725214030523,0.6555424707300964,0.999757626567561
0.226,0.03928807019482684,1.0,3.243283272654666,0.6539947914110001,0.9997664305261036
0.227,0.039264795593160116,1.0,3.2139953577034106,0.6524498387556145,0.9997749146901653
0.228,0.03924152099149339,1.0,3.184609958361496,0.6509076360109074,0.9997830906759423
0.229,0.03921824638982667,1.0,3.155128275536571,0.6493682069228518,0.9997909696776847
0.23,0.03919497178815994,1.0,3.125551529829061,0.64783157574952,0.9997985624830236
0.231,0.03917169718649322,1.0,3.0958809621519876,0.6462977672746465,0.9998058794877404
0.232,0.039148422584826495,1.0,3.0661178343719997,0.6447668068216823,0.9998129307100011
0.233,0.039125147983159775,1.0,3.0362634299751785,0.6432387202683584,0.9998197258040721
0.234,0.03910187338149305,1.0,3.0063190547564185,0.6417135340617802,0.9998262740735391
0.23500000000000001,0.03907859877982632,1.0,2.976286037535665,0.6401912752340762,0.9998325844840448
0.23600000000000002,0.0390553241781596,1.0,2.946165730900823,0.6386719714186226,0.9998386656755641
0.23700000000000002,0.03903204957649288,1.0,2.915959511979481,0.6371556508668702,0.9998445259742343
0.23800000000000002,0.03900877497482615,1.0,2.885668783240661,0.6356423424657981,0.9998501734037547
0.23900000000000002,0.038985500373159426,1.0,2.855294973328474,0.6341320757560226,0.9998556156963717
0.24,0.038962225771492706,1.0,2.824839537928303,0.6326248809505897,0.9998608603034665
0.241,0.038938951169825986,1.0,2.7943039606684006,0.6311207889544804,0.9998659144057565
0.242,0.03891567656815926,1.0,2.763689754057984,0.6296198313848623,0.9998707849231271
0.243,0.03889240196649254,1.0,2.7329984604640964,0.62812204059212,0.9998754785241065
0.244,0.03886912736482581,1.0,2.702231653128606,0.626627449681699,0.9998800016349954
0.245,0.03884585276315909,1.0,2.6713909372285705,0.6251360925368019,0.9998843604486659
0.246,0.038822578161492365,1.0,2.6404779509808427,0.6236480038419745,0.9998885609330408
0.247,0.03879930355982564,1.0,2.6094943667948094,0.6221632191076237,0.9998926088392641
0.248,0.03877602895815892,1.0,2.578441892474361,0.620681774695511,0.999896509709576
0.249,0.0387527543564922,1.0,2.5473222724727065,0.6192037078452675,0.9999002688849002
0.25,0.03872947975482547,1.0,2.5161372892026503,0.6177290567019775,0.9999038915121573
0.251,0.03870620515315875,1.0,2.4848887644053446,0.6162578603448844,0.9999073825513114
0.252,0.03868293055149202,1.0,2.4535785605805187,0.6147901588172705,0.9999107467821612
0.253,0.0386596559498253,1.0,2.4222085824820936,0.6133259931575687,0.9999139888108841
0.254,0.038636381348158576,1.0,2.3907807786820996,0.6118654054317668,0.9999171130763432
0.255,0.038613106746491856,1.0,2.3592971432077925,0.6104084387671674,0.9999201238561645
0.256,0.03858983214482513,1.0,2.3277597172549007,0.6089551373875708,0.9999230252725937
0.257,0.03856655754315841,1.0,2.296170590982611,0.6075055466499517,0.9999258212981402
0.258,0.03854328294149168,1.0,2.264531905393684,0.606059713082707,0.9999285157610166
0.259,0.038520008339824954,1.0,2.232845854306152,0.6046176844255516,0.9999311123503792
0.26,0.038496733738158234,1.0,2.20111468642058,0.6031795096711481,0.9999336146213801
0.261,0.038473459136491514,1.0,2.169340707489502,0.6017452391085596,0.9999360260000337
0.262,0.03845018453482479,1.0,2.1375262825946706,0.600314924368621,0.9999383497879086
0.263,0.03842690993315806,1.0,2.105673838538995,0.5988886184713266,0.9999405891666472
0.264,0.03840363533149134,1.0,2.073785866359735,0.5974663758753435,0.999942747202322
0.265,0.03838036072982462,1.0,2.04186492397051,0.5960482525297612,0.9999448268496338
0.266,0.03835708612815789,1.0,2.0099136389404637,0.5946343059281981,0.9999468309559569
0.267,0.038333811526491166,1.0,1.977934711418741,0.5932245951653916,0.9999487622652378
0.268,0.038310536924824445,1.0,1.9459309172136094,0.5918191809964056,0.999950623421752
0.269,0.03828726232315772,1.0,1.9139051110359184,0.5904181258986004,0.9999524169737246
0.27,0.038263987721491,1.0,1.8818602299179572,0.5890214941365151,0.9999541453768191
0.271,0.03824071311982427,1.0,1.8497992968183354,0.587629351829824,0.9999558109974996
0.272,0.03821743851815755,1.0,1.8177254244257763,0.5862417670245409,0.9999574161162708
0.273,0.038194163916490824,1.0,1.785641819174402,0.5848588097676489,0.9999589629308007
0.274,0.038170889314824104,1.0,1.7535517854852627,0.5834805521853561,0.9999604535589288
0.275,0.03814761471315738,1.0,1.721458730248467,0.582107068565177,0.9999618900415672
0.276,0.03812434011149066,1.0,1.6893661675633225,0.5807384354420647,0.9999632743454934
0.277,0.03810106550982393,1.0,1.6572777237532181,0.5793747316888234,0.9999646083660437
0.278,0.03807779090815721,1.0,1.625197142675138,0.5780160386110526,0.9999658939297087
0.279,0.03805451630649048,1.0,1.593128291343592,0.5766624400468872,0.9999671327966335
0.28,0.03803124170482376,1.0,1.5610751658921924,0.5753140224718157,0.9999683266630278
0.281,0.038007967103157035,1.0,1.5290418978958014,0.5739708751088768,0.9999694771634883
0.28200000000000003,0.037984692501490315,1.0,1.4970327610803977,0.5726330900445558,0.9999705858732364
0.28300000000000003,0.03796141789982359,1.0,1.465052178447846,0.5713007623507211,0.9999716543102759
0.28400000000000003,0.03793814329815687,1.0,1.4331047298468844,0.5699739902129671,0.9999726839374701
0.28500000000000003,0.03791486869649014,1.0,1.4011951600227464,0.5686528750657474,0.9999736761645457
0.28600000000000003,0.03789159409482342,1.0,1.3693283871819082,0.5673375217347167,0.9999746323500224
0.28700000000000003,0.037868319493156694,1.0,1.3375094848876514,0.5660280390882484,0.9999755538025246
0.28800000000000003,0.03784504489148997,0.0,1.30571164139699,0.5647251378402546,0.977088241633858
0.289,0.03782177028982325,0.0,1.2738228047301903,0.5634311752088855,0.9415969086441949
0.29,0.037798495688156526,0.0,1.2418427095110065,0.5621464941134351,0.9073947602297125
0.291,0.0377752210864898,0.0,1.2097822812664119,0.5608712438507513,0.8744349686762138
0.292,0.03775194648482308,0.0,1.177651959926447,0.5596055969291175,0.8426724066849297
0.293,0.03772867188315635,0.0,1.1454618100638119,0.5583497488041074,0.8120635861584822
0.294,0.03770539728148963,0.0,1.1132216378083462,0.5571039175388612,0.7825665986586272
0.295,0.037682122679822905,0.0,1.0809411139726997,0.5558683433927403,0.7541410580268079
0.296,0.037658848078156185,0.0,1.0486299048041905,0.5546432883035609,0.726748045088955
0.297,0.03763557347648946,0.0,1.0162978117546915,0.5534290352244869,0.7003500543688272
0.298,0.03761229887482274,0.0,0.9839549216056487,0.5522258872722516,0.6749109427369339
0.299,0.03758902427315601,0.0,0.9516117681825558,0.5510341666388218,0.6503958799247286
0.3,0.03756574967148929,0.0,0.9192795067368966,0.5498542132140243,0.6267713008363262
0.301,0.03754247506982256,0.0,0.886970101840711,0.548686382862241,0.6040048595924427
0.302,0.03751920046815584,0.0,0.8546965293241009,0.5475310452922874,0.5820653852436427
0.303,0.037495925866489116,0.0,0.8224729923636473,0.5463885814563306,0.5609228390922557
0.304,0.037472651264822396,0.0,0.7903151512924006,0.5452593804115675,0.5405482735645278
0.305,0.03744937666315567,0.0,0.7582403660283753,0.5441438355777978,0.5209137925767
0.306,0.03742610206148895,0.0,0.7262679492022224,0.5430423403255392,0.5019925133407467
0.307,0.03740282745982222,0.0,0.694419427093694,0.541955282833478,0.48375852955747944
0.308,0.0373795528581555,0.0,0.6627188043658658,0.5408830401614723,0.4661868759466235
0.309,0.037356278256488774,0.0,0.6311928273189098,0.5398259714966599,0.44925349406530096
0.31,0.037333003654822054,0.0,0.5998712389992451,0.5387844105461126,0.4329351993681217
0.311,0.03730972905315533,0.0,0.5687870180236297,0.5377586570705575,0.41720964946378136
0.312,0.03728645445148861,0.0,0.5379765914685607,0.536748967580573,0.40205531352470536
0.313,0.03726317984982188,0.0,0.5074800106938173,0.5357555452499704,0.3874514428078546
0.314,0.03723990524815516,0.0,0.4773410776015419,0.5347785291415525,0.37337804224633214
0.315,0.03721663064648843,0.0,0.44760740766027624,0.5338179828891957,0.3598158430728948
0.316,0.03719335604482171,0.0,0.4183304151398947,0.5328738830391784,0.34674627643788625
0.317,0.037170081443154986,0.0,0.3895652054694014,0.5319461073265844,0.3341514479854711
0.318,0.037146806841488265,0.0,0.36137035947895213,0.5310344232563753,0.32201411335336055
0.319,0.03712353223982154,0.0,0.3338075944810503,0.5301384774859853,0.31031765456248434
0.32,0.03710025763815482,0.0,0.30694128757539424,0.5292577866888465,0.2990460572642826
0.321,0.03707698303648809,0.0,0.28083784705114034,0.5283917308514602,0.28818388881446677
0.322,0.03705370843482137,0.0,0.25556491817741345,0.5275395503734993,0.27771627714322666
0.323,0.037030433833154644,0.0,0.23119041015778122,0.5267003489720187,0.2676288903929558
0.324,0.037007159231487924,0.0,0.20778120135463435,0.5258731114454904,0.2579079172956145
0.325,0.0369838846298212,0.0,0.18540397822312357,0.5250566211692388,0.24854004826286485
0.326,0.03696061002815448,0.0,0.1641341932113461,0.5242489189189904,0.23951245716308567
0.327,0.03693733542648775,0.0,0.14404280859540336,0.5234477887029922,0.2308127837603192
0.328,0.03691406082482103,0.0,0.12518610854955675,0.522651267815511,0.22242911679110366
0.329,0.0368907862231543,0.0,0.10760503050984607,0.5218577810915728,0.21434997765602254
0.33,0.03686751162148758,0.0,0.09132479122545488,0.5210663272322548,0.20656430470364054
0.331,0.036844237019820855,0.0,0.07635524151779668,0.5202767167927747,0.19906143808530943
0.332,0.036820962418154135,0.0,0.0626926477169492,0.5194898389646007,0.19183110516010685
0.333,0.03679768781648741,0.0,0.05032367222146652,0.5187079082116894,0.18486340642992502
0.334,0.03677441321482068,0.0,0.03923213035577089,0.5179346170365018,0.1781488019854531
0.335,0.03675113861315396,0.0,0.029408492330932033,0.5171751163193243,0.1716780984893514
0.336,0.03672786401148724,0.0,0.020861137113108264,0.5164357808046082,0.16544243656163796
0.337,0.036704589409820514,0.0,0.01362746268311224,0.5157238000892234,0.1594332785380627
0.338,0.03668131480815379,0.0,0.007782827212674611,0.5150467308369211,0.15364239685077294
0.339,0.036658040206487066,0.0,0.003446381481575523,0.5144121918296792,0.14806186280581862
0.34,0.036634765604820346,0.0,0.0007847771477769725,0.51382783293079,0.1426840357442997
0.341,0.03661149100315362,0.0,0.0,0.5133016652261895,0.13750155257496116
0.342,0.03658821640148689,0.0,0.0,0.5128379070700366,0.13250731751327283
0.343,0.03656494179982017,0.0,0.0,0.5124303600177228,0.12769449273979258
0.34400000000000003,0.036554438684934264,0.0,0.0,0.512071155770493,0.12305648881435892
0.34500000000000003,0.0365828865518985,0.0,0.0,0.5117530187858471,0.11858695540752408
0.34600000000000003,0.03661133441886273,0.0,0.0014892041696962454,0.5114721669761345,0.11427977505302847
0.34700000000000003,0.03663978228582696,0.0,0.009606208630421142,0.5112528799070286,0.11012905065642373
0.34800000000000003,0.0366682301527912,0.0,0.02410707826440856,0.5111259690910152,0.10612909560313266
0.34900000000000003,0.03669667801975543,0.0,0.04419005501327144,0.5110972182381003,0.10227443718577
0.35000000000000003,0.03672512588671967,0.0,0.06871951515770358,0.5111971592024245,0.0985597969919562
0.35100000000000003,0.0367535737536839,0.0,0.09392825385295743,0.5116208187181939,0.09498008446021992
0.352,0.036782021620648135,0.0,0.11721401326359729,0.5124043441587339,0.09153039898130175
0.353,0.036810469487612366,0.0,0.1374290430854061,0.5135091408640289,0.0882060205207979
0.354,0.036838917354576596,0.0,0.15423081044094086,0.5148841410426243,0.08500239724686444
0.355,0.03686736522154083,0.0,0.16776563530362038,0.5164781025745478,0.0819151414853508
0.356,0.036895813088505064,0.0,0.17842568008010837,0.5182449511262451,0.07894002632760502
0.357,0.0369242609554693,0.0,0.18669061193314926,0.5201456117446066,0.07607297867194562
0.358,0.03695270882243353,0.0,0.19303557001187246,0.5221481778449283,0.07331007311343003
0.359,0.03698115668939777,0.0,0.1978848541747626,0.5242273059418211,0.07064752675704153
0.36,0.037009604556362,0.0,0.2015951934769547,0.5263632520064502,0.06808169415698163
0.361,0.03703805242332624,0.0,0.2044301162008616,0.5285420275517024,0.06560906221932625
0.362,0.03706650029029047,0.0,0.20656704572068488,0.5307544234785302,0.0632262457005664
0.363,0.037094948157254705,0.0,0.20814794523966346,0.5329932875490874,0.06092998244777142
0.364,0.037123396024218935,0.0,0.20928898139787178,0.5352529073213184,0.058717128528544216
0.365,0.03715184389118317,0.0,0.21008468865649219,0.5375287181364359,0.05658465418710231
0.366,0.0371802917581474,0.0,0.21061183146232165,0.5398170637329872,0.05452963972031084
0.367,0.03720873962511164,0.0,0.2109326795777918,0.5421150080236029,0.052549271480162765
0.368,0.03723718749207587,0.0,0.21109771123629809,0.5444201880989998,0.05064083802143853
0.369,0.0372656353590401,0.0,0.21114781522149084,0.5467306994385208,0.04880172638929793
0.37,0.03729408322600434,0.0,0.21111607236979332,0.5490450060675427,0.04702941854172125
0.371,0.03732253109296857,0.0,0.2110291928226215,0.5513618699519086,0.04532148790190148
0.372,0.03735097895993281,0.0,0.21090867566906457,0.553680295205189,0.04367559603586719
0.373,0.03737942682689704,0.0,0.21077174655990755,0.5559994837137484,0.04208948945078732
0.374,0.037407874693861275,0.0,0.21063211839855578,0.5583187995896284,0.04056099650957405
0.375,0.037436322560825505,0.0,0.21050061110692556,0.5606377404812933,0.039088024457559586
0.376,0.03746477042778974,0.0,0.21038565891676056,0.5629559142448882,0.037668556557175596
0.377,0.03749321829475397,0.0,0.21029372755766063,0.565273019836416,0.036300649326712606
0.378,0.03752166616171821,0.0,0.21022965890677986,0.5675888315549052,0.034982429879378316
0.379,0.03755011402868244,0.0,0.21019695690436357,0.5699031859694775,0.03371209335901197
0.38,0.03757856189564668,0.0,0.21019802561873513,0.5722159710156853,0.03248790046894362
0.381,0.03760700976261091,0.0,0.21023436807960572,0.5745271168612405,0.03130817509061496
0.382,0.037635457629575146,0.0,0.21030675274653327,0.5768365882277814,0.030171301988701254
0.383,0.03766390549653938,0.0,0.21041535311801207,0.5791443779208402,0.0290757245995923
0.384,0.03769235336350361,0.0,0.2105598649287892,0.5814505013699972,0.028019942900204448
0.385,0.037720801230467844,0.0,0.21073960455369556,0.5837549920193595,0.027002511354205783
0.386,0.037749249097432075,0.0,0.2109535915849236,0.5860578974379118,0.02602203693284252
0.387,0.03777769696439631,0.0,0.21120061803331275,0.5883592760421744,0.025077177207656752
0.388,0.03780614483136054,0.0,0.2114793061912214,0.5906591943415961,0.02416663851248424
0.389,0.03783459269832478,0.0,0.21178815686383254,0.5929577246313851,0.02328917417221569
0.39,0.03786304056528901,0.0,0.21212558940542775,0.5952549430689841,0.022443582795896366
0.391,0.03789148843225325,0.0,0.21248997477786868,0.5975509280797324,0.021628706631827095
0.392,0.03791993629921748,0.0,0.21287966266599867,0.5998457590449681,0.020843429982414476
0.393,0.037948384166181716,0.0,0.21329300353419028,0.602139515232241,0.02008667767659995
0.394,0.037976832033145946,0.0,0.21372836638086556,0.6044322749327254,0.019357413597776325
0.395,0.038005279900110184,0.0,0.2141841528415477,0.6067241147755309,0.018654639265176118
0.396,0.038033727767074414,0.0,0.21465880819955088,0.6090151091925731,0.017977392466789498
0.397,0.03806217563403865,0.0,0.21515082978634192,0.6113053300110982,0.017324745941940032
0.398,0.03809062350100288,0.0,0.21565877318633672,0.6135948461539418,0.016695806111714475
0.399,0.03811907136796711,0.0,0.21618125660415927,0.6158837234302141,0.016089711855508348
0.4,0.03814751923493135,0.0,0.21671696370195104,0.6181720244014018,0.015505633332012197
0.401,0.03817596710189558,0.0,0.217264645171785,0.6204598083098878,0.014942770843024313
0.402,0.03820441496885982,0.0,0.2178231192706206,0.622747131058671,0.014400353738534212
0.403,0.03823286283582405,0.0,0.2183912715123406,0.6250340452326297,0.01387763936157782
0.404,0.038261310702788286,0.0,0.21896805368374972,0.6273206001530446,0.013373912031419676
0.405,0.038289758569752516,0.0,0.2195524823258789,0.6296068419583117,0.012888482063669967
0.406,0.038318206436716754,0.0,0.22014363680143564,0.6318928137048309,0.012420684825994765
0.40700000000000003,0.038346654303680984,0.0,0.22074065704957788,0.634178555482984,0.011969879828126603
0.40800000000000003,0.03837510217064522,0.0,0.22134274111398994,0.6364641045439308,0.011535449844929447
0.40900000000000003,0.03840355003760945,0.0,0.22194914251528458,0.6387494954336488,0.011116800071317413
0.41000000000000003,0.03843199790457369,0.0,0.22255916752763588,0.6410347601312577,0.01071335730787015
0.41100000000000003,0.03846044577153792,0.0,0.22317217240792928,0.6433199281892015,0.010324569176029906
0.41200000000000003,0.03848889363850216,0.0,0.22378756061801244,0.6456050268733051,0.009949903361805712
0.41300000000000003,0.03851734150546639,0.0,0.22440478007175632,0.6478900813011256,0.009588846886949224
0.41400000000000003,0.038545789372430625,0.0,0.22502332043302892,0.6501751145773377,0.009240905406604326
0.41500000000000004,0.038574237239394855,0.0,0.22564271048428466,0.6524601479251881,0.00890560253246886
0.41600000000000004,0.038602685106359086,0.0,0.226262515581541,0.6547452008132802,0.008582479180541806
0.417,0.03863113297332332,0.0,0.2268823352067771,0.6570302910771595,0.008271092942562867
0.418,0.038659580840287554,0.0,0.22750180062593908,0.6593154350353333,0.007971017480283756
0.419,0.03868802870725179,0.0,0.22812057265798344,0.6616006475994964,0.007681841941742105
0.42,0.03871647657421602,0.0,0.22873833955761927,0.6638859423788501,0.007403170398738457
0.421,0.03874492444118026,0.0,0.22935481501322058,0.6661713317784913,0.0071346213047463695
0.422,0.03877337230814449,0.0,0.2299697362591459,0.6684568270919251,0.006875826972513361
0.423,0.03880182017510872,0.0,0.23058286230124472,0.6707424385878111,0.006626433070637445
0.424,0.03883026804207296,0.0,0.23119397225258387,0.673028175591099,0.0063860981384299895
0.425,0.03885871590903719,0.0,0.23180286377634893,0.6753140465587448,0.006154493118400667
0.426,0.038887163776001425,0.0,0.2324093516320662,0.6776000591502237,0.0059313009057244
0.427,0.038915611642965656,0.0,0.2330132663205789,0.6798862202930714,0.005716215914073435
0.428,0.03894405950992989,0.0,0.2336144528237674,0.6821725362437009,0.005508943657220118
0.429,0.038972507376894124,0.0,0.23421276943370328,0.6844590126437411,0.005309200345837496
0.43,0.03900095524385836,0.0,0.2348080866670643,0.6867456545721549,0.005116712498945714
0.431,0.03902940311082259,0.0,0.2354002862595068,0.6890324665933816,0.0049312165694722155
0.432,0.03905785097778683,0.0,0.23598926023571087,0.6913194528017541,0.004752458583413065
0.433,0.03908629884475106,0.0,0.23657491005004652,0.6936066168624291,0.0045801937921013565
0.434,0.0391147467117153,0.0,0.23715714579373637,0.6958939620490624,0.004414186337106608
0.435,0.03914319457867953,0.0,0.23773588546377422,0.6981814912784527,0.004254208927306324
0.436,0.039171642445643765,0.0,0.23831105428983382,0.7004692071423669,0.004100042527687598
0.437,0.039200090312607995,0.0,0.23888258411468827,0.7027571119367488,0.003951476059452667
0.438,0.039228538179572225,0.0,0.23945041282477184,0.7050452076885054,0.0038083061110178074
0.439,0.03925698604653646,0.0,0.24001448382706084,0.7073334961800494,0.0036703366595099
0.44,0.03928543391350069,0.0,0.24057474556873404,0.7096219789717703,0.0035373788023793326
0.441,0.03931388178046493,0.0,0.24113115109683933,0.7119106574225937,0.0034092504987617797
0.442,0.03934232964742916,0.0,0.2416836576543556,0.7141995327087791,0.003285776320234744
0.443,0.0393707775143934,0.0,0.2422322263104524,0.7164886058410932,0.0031667872106276008
0.444,0.03939922538135763,0.0,0.24277682162172792,0.718777877680494,0.0030521202545562907
0.445,0.039427673248321866,0.0,0.2433174113224985,0.7210673489524411,0.0029416184543657425
0.446,0.0394561211152861,0.0,0.24385396604126933,0.7233570202599503,0.002835130515174628
0.447,0.039484568982250334,0.0,0.2443864590419155,0.7256468920954912,0.00273251063772814
0.448,0.039513016849214565,0.0,0.24491486598695358,0.7279369648518275,0.002633618318775168
0.449,0.0395414647161788,0.0,0.24543916472157076,0.7302272388318891,0.002538318158696572
0.45,0.03956991258314303,0.0,0.24595933507637727,0.7325177142577565,0.0024464796761211444
0.451,0.03959836045010727,0.0,0.2464753586875063,0.7348083912788341,0.0023579771292754612
0.452,0.0396268083170715,0.0,0.2469872188325373,0.7370992699792821,0.002272689343823003
0.453,0.03965525618403573,0.0,0.24749490028097393,0.7393903503847716,0.0021904995469568434
0.454,0.03968370405099997,0.0,0.24799838915786288,0.7416816324686212,0.00211129520751874
0.455,0.0397121519179642,0.0,0.24849767281969506,0.7439731161573687,0.0020349678819257355
0.456,0.039740599784928436,0.0,0.2489927397413375,0.7462648013358296,0.0019614130656933075
0.457,0.03976904765189267,0.0,0.24948357941307234,0.7485566878516853,0.0018905300503517857
0.458,0.039797495518856904,0.0,0.2499701822470081,0.7508487755196446,0.0018222217855601286
0.459,0.039825943385821135,0.0,0.2504525394917675,0.7531410641252165,0.0017563947462282692
0.46,0.03985439125278537,0.0,0.25093064315509916,0.7554335534281277,0.0016929588044661027
0.461,0.0398828391197496,0.0,0.2514044859333142,0.7577262431654179,0.0016318271061837937
0.462,0.03991128698671384,0.0,0.2518740611473443,0.7600191330542431,0.001572915952174441
0.463,0.03993973485367807,0.0,0.25233936268440577,0.7623122227944106,0.0015161446835162957
0.464,0.03996818272064231,0.0,0.2528003849452683,0.7646055120706731,0.0014614355711376173
0.465,0.03999663058760654,0.0,0.2532571227960909,0.7668990005548014,0.0014087137093929717
0.466,0.040025078454570776,0.0,0.25370957152492846,0.7691926879074586,0.0013579069135052576
0.467,0.040053526321535006,0.0,0.2541577268020265,0.7714865737798917,0.0013089456207330426
0.468,0.040081974188499236,0.0,0.25460158464398547,0.7737806578154585,0.0012617627951278904
0.46900000000000003,0.040110422055463474,0.0,0.2550411413810995,0.7760749396510057,0.00121629383575128
0.47000000000000003,0.040138869922427704,0.0,0.25547639362772046,0.7783694189181114,0.0011724764882254438
0.47100000000000003,0.04016731778939194,0.0,0.2559073382555545,0.7806640952442034,0.001130250759497033
0.47200000000000003,0.04019576565635617,0.0,0.2563339723691766,0.7829589682535678,0.0010895588356968982
0.47300000000000003,0.04022421352332041,0.0,0.2567562932840506,0.7852540375682562,0.0010503450029835301
0.47400000000000003,0.04025266139028464,0.0,0.2571742985064826,0.7875493028089,0.0010125555712617756
0.47500000000000003,0.04028110925724888,0.0,0.2575879857155523,0.7898447635954445,0.0009761388006723934
0.47600000000000003,0.04030955712421311,0.0,0.257997352746551,0.7921404195478057,0.0009410448307517967
0.47700000000000004,0.040338004991177345,0.0,0.25840239757624944,0.7944362702864606,0.0009072256121649945
0.47800000000000004,0.040366452858141576,0.0,0.258803118309261,0.7967323154329756,0.0008746348409182611
0.47900000000000004,0.04039490072510581,0.0,0.2591995131659536,0.7990285546104804,0.0008432278949614611
0.48,0.040423348592070044,0.0,0.25959158047127334,0.8013249874440895,0.0008129617730932291
0.481,0.040451796459034274,0.0,0.2599793186448057,0.8036216135612814,0.0007837950360853465
0.482,0.04048024432599851,0.0,0.26036272619168216,0.8059184325922342,0.0007556877499457286
0.483,0.04050869219296274,0.0,0.2607418016943127,0.8082154441701258,0.0007286014312423081
0.484,0.04053714005992698,0.0,0.26111654380506494,0.8105126479314007,0.0007024989944129786
0.485,0.04056558792689121,0.0,0.2614869512394143,0.8128100435160048,0.0006773447009894467
0.486,0.04059403579385545,0.0,0.26185302276999,0.8151076305675968,0.0006531041106654746
0.487,0.04062248366081968,0.0,0.2622147572209317,0.8174054087337306,0.0006297440341425162
0.488,0.040650931527783915,0.0,0.2625721534630275,0.8197033776660192,0.0006072324876881867
0.489,0.040679379394748146,0.0,0.2629252104091283,0.8220015370202772,0.0005855386493453465
0.49,0.040707827261712376,0.0,0.2632739270101201,0.8242998864566455,0.0005646328167318447
0.491,0.04073627512867661,0.0,0.26361830225123806,0.8265984256397005,0.0005444863663731417
0.492,0.040764722995640844,0.0,0.2639583351486853,0.8288971542385476,0.000525071714512132
0.493,0.04079317086260508,0.0,0.2642940247467202,0.8311960719269035,0.0005063622793425074
0.494,0.04082161872956931,0.0,0.2646253701148003,0.8334951783831652,0.0004883324446139552
0.495,0.04085006659653355,0.0,0.2649523703452796,0.8357944732904701,0.00047095752455935763
0.496,0.04087851446349778,0.0,0.2652750245510352,0.8380939563367447,0.00045421373009597366
0.497,0.04090696233046202,0.0,0.26559333186358314,0.8403936272147471,0.00043807813625432824
0.498,0.04093541019742625,0.0,0.2659072914311652,0.8426934856221007,0.0004225286507902116
0.499,0.040963858064390485,0.0,0.2662169024171837,0.8449935312613215,0.00040754398393681485
0.5,0.040992305931354715,0.0,0.2665221639986638,0.8472937638398395,0.00039310361925558773
0.501,0.04102075379831895,0.0,0.2668230753649833,0.8495941830700146,0.00037918778554590704
0.502,0.04104920166528318,0.0,0.2671196357165829,0.8518947886691477,0.0003657774297750978
0.503,0.04107764953224742,0.0,0.2674118442639311,0.8541955803594888,0.00035285419099174184
0.504,0.04110609739921165,0.0,0.26769970022652545,0.856496557868239,0.0003404003751865585
0.505,0.04113454526617588,0.0,0.2679832028320123,0.8587977209275511,0.000328398931066437
0.506,0.04116299313314012,0.0,0.2682623513153705,0.8610990692745276,0.00031683342670845127
0.507,0.04119144100010435,0.0,0.26853714491817315,0.8634006026512141,0.00030568802706189334
0.508,0.04121988886706859,0.0,0.2688075828879819,0.8657023208045925,0.00029494747226752136
0.509,0.04124833673403282,0.0,0.26907366447768954,0.8680042234865711,0.000284597056764338
0.51,0.041276784600997055,0.0,0.26933538894506415,0.8703063104539736,0.0002746226091552933
0.511,0.041305232467961285,0.0,0.26959275555219303,0.8726085814685258,0.000265010472804344
0.512,0.04133368033492552,0.0,0.26984576356512185,0.8749110362968429,0.00025574748713830465
0.513,0.04136212820188975,0.0,0.27009441225337943,0.8772136747104131,0.0002468209696278892
0.514,0.04139057606885399,0.0,0.27033870088971873,0.8795164964855828,0.00023821869842327183
0.515,0.04141902393581822,0.0,0.2705786287497089,0.8818195014035395,0.00022992889562039296
0.516,0.04144747180278246,0.0,0.27081419511152954,0.8841226892502941,0.0002219402111350989
0.517,0.04147591966974669,0.0,0.2710453992556367,0.8864260598166642,0.00021424170716303646
0.518,0.041504367536710926,0.0,0.27127224046460335,0.8887296128982553,0.00020682284320402503
0.519,0.041532815403675157,0.0,0.2714947180228177,0.8910333482954419,0.00019967346163040313
0.52,0.04156126327063939,0.0,0.2717128312163899,0.8933372658133503,0.0001927837737795889
0.521,0.041589711137603624,0.0,0.27192657933293046,0.8956413652618389,0.00018614434655181403
0.522,0.041618159004567855,0.0,0.27213596166136506,0.8979456464554798,0.00017974608949468065
0.523,0.04164660687153209,0.0,0.2723409774918885,0.9002501092135398,0.00017358024235685805
0.524,0.04167505473849632,0.0,0.27254162611570765,0.9025547533599617,0.00016763836309387822
0.525,0.04170350260546056,0.0,0.27273790682508836,0.9048595787233467,0.00016191231630960818
0.526,0.04173195047242479,0.0,0.27292981891307355,0.9071645851369345,0.0001563942621175736
0.527,0.04176039833938903,0.0,0.2731173616735682,0.9094697724385868,0.000151076645406883
0.528,0.04178884620635326,0.0,0.27330053440108687,0.9117751404707684,0.00014595218549805604
0.529,0.041817294073317496,0.0,0.27347933639085564,0.9140806890805294,0.00014101386617459272
0.53,0.041845741940281726,0.0,0.27365376693856125,0.9163864181194891,0.0001362549260766354
0.531,0.041874189807245964,0.0,0.27382382534044797,0.9186923274438177,0.00013166884944357092
0.532,0.041902637674210194,0.0,0.27398951089313106,0.9209984169142201,0.00012724935719289775
0.533,0.04193108554117443,0.0,0.2741508228936807,0.9233046863959204,0.0001229903983231441
0.534,0.04195953340813866,0.0,0.27430776063941614,0.9256111357586452,0.00011888614162906559
0.535,0.04198798127510289,0.0,0.2744603234280462,0.9279177648766077,0.00011493096771777992
0.536,0.04201642914206713,0.0,0.2746085105574842,0.9302245736284943,0.00011111946131490692
0.537,0.04204487700903136,0.0,0.274752321325858,0.9325315618974487,0.00010744640385017975
0.538,0.0420733248759956,0.0,0.274891755031533,0.934838729571058,0.00010390676631237618
0.539,0.04210177274295983,0.0,0.27502681097300413,0.937146076541339,0.00010049570236378674
0.54,0.042130220609924066,0.0,0.27515748844893984,0.9394536027047251,9.720854170479267e-05
0.541,0.042158668476888296,0.0,0.27528378675810145,0.9417613079620536,9.404078367946843e-05
0.542,0.04218711634385253,0.0,0.27540570519936586,0.9440691922185529,9.098809111345408e-05
0.543,0.042215564210816764,0.0,0.27552324307167203,0.9463772553838311,8.804628437566024e-05
0.544,0.042244012077781,0.0,0.27563639967404974,0.9486854973718644,8.521133565567554e-05
0.545,0.04227245994474523,0.0,0.27574517430553036,0.9509939181009862,8.247936344904103e-05
0.546,0.04230090781170947,0.0,0.2758495662652299,0.953302517493877,7.984662724284125e-05
0.547,0.0423293556786737,0.0,0.2759495748522519,0.9556112954775537,7.730952239433555e-05
0.548,0.04235780354563794,0.0,0.2760451993657062,0.9579202519833617,7.486457519561776e-05
0.549,0.04238625141260217,0.0,0.2761364391046866,0.9602293869469641,7.250843811754674e-05
0.55,0.0424146992795664,0.0,0.2762232933683159,0.9625387003083342,7.023788522643631e-05
0.551,0.042443147146530635,0.0,0.2763057614556522,0.9648481920117482,6.804980776722893e-05
0.552,0.042471595013494866,0.0,0.276383842665718,0.9671578620057764,6.594120990710598e-05
0.553,0.0425000428804591,0.0,0.2764575362975295,0.9694677102432769,6.39092046337069e-05
0.554,0.042528490747423334,0.0,0.2765268416499985,0.9717777366813894,6.195100980234113e-05
0.555,0.04255693861438757,0.0,0.2765917580220289,0.974087941281529,6.0063944326780954e-05
0.556,0.0425853864813518,0.0,0.27665228471243014,0.9763983240093801,5.824542450841974e-05
0.557,0.04261383434831604,0.0,0.27670842101996956,0.9787088848348927,5.649296049876962e-05
0.558,0.04264228221528027,0.0,0.2767601662432832,0.981019623732277,5.480415289045519e-05
0.559,0.04267073008224451,0.0,0.2768075196809954,0.9833305406799994,5.317668943203581e-05
0.56,0.04269917794920874,0.0,0.2768504806315708,0.9856416356607797,5.160834186215841e-05
0.561,0.042727625816172975,0.0,0.2768890483934526,0.9879529086615875,5.009696285870647e-05
0.562,0.042756073683137205,0.0,0.27692322226491867,0.9902643596736398,4.864048309876783e-05
0.5630000000000001,0.04278452155010144,0.0,0.27695300154419566,0.9925759886923995,4.723690842539613e-05
0.5640000000000001,0.04281296941706567,0.0,0.2769783855293616,0.9948877957175731,4.5884317117286576e-05
0.5650000000000001,0.0428414172840299,0.0,0.2769993735183941,0.9971997807531108,4.458085725762793e-05
0.5660000000000001,0.04286986515099414,0.0,0.27701596480920276,0.9995119438072048,4.33247441985281e-05
0.5670000000000001,0.04289831301795837,0.0,0.27702815860548863,1.0018242848960952,4.2114258117541796e-05
0.5680000000000001,0.04292676088492261,0.0,0.27703595344678383,1.0041368040671492,4.0947741662954805e-05
0.5690000000000001,0.04295520875188684,0.0,0.2770393477941392,1.006449501375147,3.982359768460069e-05
0.5700000000000001,0.04298365661885108,0.0,0.27703834033745334,1.0087623768698493,3.874028704710332e-05
0.5710000000000001,0.04301210448581531,0.0,0.2770329299358169,1.0110754305984115,3.769632652255094e-05
0.5720000000000001,0.043040552352779544,0.0,0.27702311557032105,1.0133886626073032,3.669028675971668e-05
0.5730000000000001,0.043069000219743775,0.0,0.27700889630983844,1.0157020729436919,3.572079032704498e-05
0.5740000000000001,0.04309744808670801,0.0,0.2769902712865576,1.018015661656442,3.478650982672444e-05
0.5750000000000001,0.04312589595367224,0.0,0.27696723967813675,1.0203294287968372,3.388616607726499e-05
0.5760000000000001,0.04315434382063648,0.0,0.27693980069504454,1.0226433744191015,3.301852636209102e-05
0.577,0.04318279168760071,0.0,0.2769079535712561,1.0249574985807768,3.2182402741752624e-05
0.578,0.04321123955456494,0.0,0.27687169755763646,1.0272718013429993,3.137665042744349e-05
0.579,0.04323968742152918,0.0,0.2768310319171897,1.0295862827706979,3.060016621359999e-05
0.58,0.04326813528849341,0.0,0.2767859559215469,1.031900942932739,2.985188696743346e-05
0.581,0.043296583155457646,0.0,0.27673646884853953,1.0342157819020377,2.9130788173329202e-05
0.582,0.04332503102242188,0.0,0.2766825699803087,1.0365307997556352,2.8435882530118444e-05
0.583,0.04335347888938611,0.0,0.276624258602103,1.038845996574761,2.776621859930296e-05
0.584,0.043381926756350345,0.0,0.27656153400134703,1.0411613724448778,2.712087950238152e-05
0.585,0.043410374623314575,0.0,0.2764943954668418,1.0434769274557194,2.6498981665494545e-05
0.586,0.04343882249027881,0.0,0.2764228422884445,1.0457926617013193,2.589967360966823e-05
0.587,0.04346727035724304,0.0,0.2763468737565531,1.048108575280035,2.5322134785001766e-05
0.588,0.04349571822420728,0.0,0.2762664891620147,1.0504246682945695,2.4765574447201488e-05
0.589,0.04352416609117151,0.0,0.276181687795783,1.0527409408519897,2.422923057492373e-05
0.59,0.04355261395813575,0.0,0.2760924689489299,1.0550573930637435,2.3712368826444032e-05
0.591,0.04358106182509998,0.0,0.27599883191239266,1.0573740250456767,2.3214281534224276e-05
0.592,0.043609509692064216,0.0,0.2759007759770749,1.0596908369180478,2.273428673600106e-05
0.593,0.04363795755902845,0.0,0.2757983004336283,1.0620078288055441,2.227172724106881e-05
0.594,0.043666405425992684,0.0,0.2756914045725601,1.0643250008372978,2.182596973047912e-05
0.595,0.043694853292956914,0.0,0.2755800876840489,1.0666423531469003,2.139640388992444e-05
0.596,0.04372330115992115,0.0,0.2754643490581011,1.0689598858724196,2.0982441574118853e-05
0.597,0.04375174902688538,0.0,0.27534418798436666,1.0712775991564156,2.0583516001531765e-05
0.598,0.04378019689384961,0.0,0.27521954181610947,1.0735954956614242,2.0199080978372134e-05
0.599,0.04380864476081385,0.0,0.2751122958277475,1.0759126864749353,1.9828610150760595e-05
0.6,0.04383709262777808,0.0,0.2750843755757765,1.0782266553872395,1.9471596284065652e-05
0.601,0.04386554049474232,0.0,0.27518667194971075,1.0805353348119786,1.9127550568417234e-05
0.602,0.04389398836170655,0.0,0.27545541286860403,1.0828372569226903,1.8796001949446722e-05
0.603,0.043922436228670786,0.0,0.2759161681641543,1.085131394400373,1.8476496483337133e-05
0.604,0.043950884095635016,0.0,0.2765867761407161,1.0874170440279054,1.8168596715300442e-05
0.605,0.043979331962599254,0.0,0.2774794765871176,1.0896937415618249,1.7871881080631044e-05
0.606,0.044007779829563484,0.0,0.2786024614406449,1.09196119946825,1.7585943327515323e-05
0.607,0.04403622769652772,0.0,0.2799610002675438,1.0942192613340236,1.7310391960807044e-05
0.608,0.04406467556349195,0.0,0.2815582563539476,1.0964678684216216,1.7044849706007024e-05
0.609,0.04409312343045619,0.0,0.28339587816178136,1.0987070350604826,1.6788952992713168e-05
0.61,0.04412157129742042,0.0,0.28547442791526007,1.1009368304661138,1.6542351456833632e-05
0.611,0.04415001916438466,0.0,0.2877936922049947,1.1031573652356037,1.6304707460881603e-05
0.612,0.04417846703134889,0.0,0.2903529071707794,1.1053687812476163,1.6075695631694786e-05
0.613,0.04420691489831312,0.0,0.2931509218585052,1.1075712440441023,1.5855002414946837e-05
0.614,0.044235362765277356,0.0,0.2961863168353811,1.1097649370249438,1.5642325645840616e-05
0.615,0.044263810632241586,0.0,0.2994574904298105,1.1119500569713012,1.54373741353956e-05
0.616,0.044292258499205824,0.0,0.3029627215417471,1.114126810547449,1.523986727176296e-05
0.617,0.044320706366170054,0.0,0.30670021549306553,1.1162954115280663,1.5049534636022432e-05
0.618,0.04434915423313429,0.0,0.3106681375942256,1.1184560785683404,1.4866115631934974e-05
0.619,0.04437760210009852,0.0,0.31486463780374413,1.1206090333851395,1.4689359129144255e-05
0.62,0.04440604996706276,0.0,0.3192878689176305,1.1227544992541982,1.451902311933849e-05
0.621,0.04443449783402699,0.0,0.32393600004429174,1.1248926997546584,1.4354874384901808e-05
0.622,0.04446294570099123,0.0,0.3288072266295143,1.1270238577111942,1.4196688179601535e-05
0.623,0.04449139356795546,0.0,0.3338997779394528,1.12914819429743,1.4044247920874156e-05
0.624,0.04451984143491969,0.0,0.3392115395806979,1.1312659422878872,1.3897344893288661e-05
0.6249999999999998,0.044547808010034884,0.0,0.3438342069683661,1.133371108960954,1.3755777999815251e-05
