Time [s],Lmtc [m],STIM [ ],Fsee [N],Gamma [ ],Lcerel [ ],q [ ],fisomrel [ ],fce [N]
0.0,0.023020111312323083,1.0,1.6504899352481135,0.05641593178796904,1.3559978373445187,0.06736593515402749,0.49306215922410235,1.2102782471240334
0.0005,0.023006222423434194,1.0,0.9714412692458263,0.06455987027535688,1.3569121121969119,0.09821759406558948,0.490454976668556,0.5284589755746123
0.001,0.022992333534545304,1.0,0.8848958693408581,0.07263351959938694,1.3562453255132898,0.134993777145177,0.4923570721997208,0.44393505451047227
0.0015,0.022978444645656418,1.0,0.985808243189704,0.08063748641801205,1.354974414770485,0.1768852952985839,0.49597265943340685,0.5486876104841084
0.002,0.022964555756767528,1.0,1.1636865463690433,0.08857237214932534,1.3534940307243695,0.22275447593272324,0.5001678809689541,0.7310178650812966
0.0025,0.02295066686787864,1.0,1.364955256051577,0.09643877302517459,1.3519905954022267,0.27129384484277785,0.5044104829935439,0.9367845260429322
0.003,0.02293677797898975,1.0,1.5723009180539043,0.10423728012004253,1.350511847549261,0.3211264377522541,0.5085657789104144,1.1485313532100767
0.0035,0.022922889090100863,1.0,1.781293329213205,0.11196847926755021,1.3490633592292705,0.37096033543988993,0.5126190849743091,1.3618128250886068
0.004,0.022909000201211973,1.0,1.990486221637137,0.11963295193781394,1.3476431236861364,0.41969721099263974,0.5165770342149827,1.575189938408714
0.0045000000000000005,0.022895111312323083,1.0,2.1983958204773315,0.12723127334970208,1.3462498976803072,0.4664840425936886,0.5204440334255072,1.7871838055571563
0.005,0.022881222423434194,1.0,2.4034044791763267,0.13476401413526495,1.3448831710766185,0.5107186728892553,0.5242223932325436,1.9961794383222218
0.0055,0.022867333534545304,1.0,2.603744443862691,0.14223174262806282,1.343543021131064,0.5520273600960698,0.5279127705285653,2.200409988832457
0.006,0.022853444645656418,1.0,2.797950703690235,0.14963501710645688,1.3422291537207873,0.5902261529264646,0.5315168253742149,2.3984124050466216
0.006500000000000001,0.022839555756767528,1.0,2.984755769750848,0.15697439219635267,1.340941153644816,0.6252787656006921,0.5350365190053681,2.588921466462446
0.007,0.02282566686787864,1.0,3.1631312087380055,0.16425042524349065,1.3396784223425329,0.6572560099831204,0.5384742775795515,2.7709114885055524
0.0075,0.02281177797898975,1.0,3.3325015702678717,0.1714636631978027,1.3384398275660976,0.6863004454757029,0.5418339324681205,2.943811235163886
0.008,0.022797889090100863,1.0,3.4926169908108156,0.17861464261361348,1.3372239642398278,0.7125986718075924,0.5451199917695013,3.1073757524177075
0.0085,0.022784000201211973,1.0,3.643389449481036,0.18570390004524762,1.3360294272880417,0.7363604190437537,0.5483368959858826,3.261521841034717
0.009000000000000001,0.022770111312323083,1.0,3.784858444723441,0.1927319686870658,1.3348548409318555,0.7578032701816129,0.5514889420180071,3.406293654274565
0.0095,0.022756222423434194,1.0,3.9173376564285833,0.19969938203861834,1.3336986021812236,0.7771420348229807,0.5545809716091898,3.5420100814022084
0.01,0.022742333534545307,1.0,4.041227985027726,0.20660666605617545,1.332559166434953,0.7945822780987534,0.557617603280357,3.669076981564335
0.0105,0.022728444645656418,1.0,4.15690419224826,0.2134543329177052,1.3314351941356477,0.8103164445001836,0.5606028483530621,3.787873424613355
0.011,0.022714555756767528,1.0,4.264829567371194,0.22024289480117568,1.3303253457259112,0.8245217217140546,0.5635406638842289,3.8988669374263054
0.0115,0.02270066686787864,1.0,4.365545684554386,0.2269728638845551,1.329228281648347,0.837359363087681,0.566434954251507,4.002603263288601
0.012,0.02268677797898975,1.0,4.459524086601071,0.2336447386500675,1.3281428670688546,0.8489749692852785,0.5692890351673279,4.09955748741326
0.0125,0.022672889090100862,1.0,4.547471410838584,0.24025904200623116,1.327067704660865,0.8594990048695972,0.5721068662714928,4.190440449031234
0.013000000000000001,0.022659000201211973,1.0,4.62979683386236,0.246816265806916,1.3260019067372502,0.8690481569285103,0.574891027214709,4.275664077531867
0.0135,0.022645111312323083,1.0,4.706866894270435,0.25331689412983804,1.3249446989707376,0.8777263003439167,0.5776437704432669,4.355597315658271
0.014,0.022631222423434193,1.0,4.779078052134696,0.25976141105271316,1.3238953070340544,0.8856256676356854,0.5803673203252624,4.43063899113353
0.0145,0.022617333534545307,1.0,4.846853405983842,0.26615030065325734,1.322852956599928,0.8928280465988802,0.5830638736587399,4.501214534304111
0.015,0.022603444645656418,1.0,4.910639719688659,0.27248404700918655,1.3218168733410853,0.8994059138415975,0.5857356001318714,4.5677730056232395
0.0155,0.022589555756767528,1.0,4.970821139033588,0.27876312343923676,1.3207863995822837,0.9054235164118959,0.5883843433721416,4.630700502520864
0.016,0.022575666867878638,1.0,5.027757248647661,0.28498801502622517,1.3197609349276862,0.9109378176423975,0.5910117779766881,4.6903583802972495
0.0165,0.02256177797898975,1.0,5.081709985238613,0.2911591880154689,1.318740033094644,0.9159993540685804,0.5936191652113012,4.747009913288848
0.017,0.022547889090100862,1.0,5.132891615990768,0.2972770979526612,1.3177233301770512,0.9206529791712907,0.596207541844818,4.8008684702077655
0.0175,0.022534000201211973,1.0,5.181522606308099,0.3033422003834954,1.3167104622688017,0.9249385240002755,0.5987779323579276,4.852155602014568
0.018000000000000002,0.022520111312323083,1.0,5.227830864264412,0.30935495085366466,1.3157010654637893,0.9288913990602173,0.6013313490601129,4.901100286520455
0.0185,0.022506222423434193,1.0,5.272051053500083,0.31531580490886224,1.3146947758559078,0.9325431238264362,0.6038687921959999,4.947938241422224
0.019,0.022492333534545307,1.0,5.314356365941354,0.32122519742507205,1.3136913207553167,0.9359218032016455,0.6063910211311401,4.992843461284652
0.0195,0.022478444645656417,1.0,5.354968782580303,0.32708360143463777,1.3126903680173387,0.9390525284107908,0.6088989349967251,5.036038871206111
0.02,0.022464555756767528,1.0,5.394021708370154,0.33289145685993027,1.3116917105687291,0.9419577374357997,0.6113931102509584,5.077658485403402
0.0205,0.022450666867878638,1.0,5.431613167753282,0.3386491890189281,1.31069519270515,0.944657518942831,0.6138739889196387,5.117800797580715
0.021,0.02243677797898975,1.0,5.46784354844989,0.34435722322960977,1.3097006587222628,0.9471698813547237,0.616342007947986,5.156566658116721
0.021500000000000002,0.022422889090100862,1.0,5.50281543553186,0.35001598480995383,1.3087079529157295,0.9495109927107341,0.6187975992263189,5.194059108171796
0.022,0.022409000201211973,1.0,5.5366334580303596,0.35562589907793873,1.3077169195812117,0.9516953908012926,0.6212411896138004,5.230383226326494
0.0225,0.022395111312323083,1.0,5.5694041480738745,0.36118739135154315,1.3067274030143712,0.953736167390296,0.6236732009602381,5.265645987747916
0.023,0.022381222423434193,1.0,5.601230760502051,0.3667008819167566,1.3057392541501804,0.9556451292326129,0.6260940338867655,5.2999510672108014
0.0235,0.022367333534545307,1.0,5.632158160187547,0.3721667550166225,1.3047524025484218,0.9574329423044967,0.6285038925638586,5.333343547338387
0.024,0.022353444645656417,1.0,5.662304690458862,0.3775854902678746,1.3037666828531331,0.9591092710076597,0.6309032095536161,5.365942221896718
0.0245,0.022339555756767528,1.0,5.691708486557835,0.3829574780746056,1.3027820363193379,0.9606828580304829,0.6332921539292606,5.39778540616697
0.025,0.022325666867878638,1.0,5.72040833517328,0.3882831088409084,1.30179840420206,0.9621616353219674,0.63567089288436,5.428912064434264
0.025500000000000002,0.02231177797898975,1.0,5.74844364274789,0.3935627729708756,1.3008157277563235,0.9635528094815983,0.638039591737734,5.459361778300944
0.026000000000000002,0.022297889090100862,1.0,5.775854405569738,0.3987968608686001,1.2998339482371524,0.9648629372275979,0.6403984139380825,5.489174716784097
0.0265,0.022284000201211972,1.0,5.802681181646178,0.4039857629381746,1.2988530068995705,0.9660979921850475,0.6427475210683411,5.518391608195117
0.027,0.022270111312323083,1.0,5.8289650643632624,0.409129869583692,1.297872844998602,0.9672634240719287,0.6450870728497555,5.547053713804409
0.0275,0.022256222423434193,1.0,5.854747657927566,0.414229571209245,1.2968934037892703,0.968364211219752,0.6474172271456852,5.575202803288169
0.028,0.022242333534545307,1.0,5.880071054590954,0.4192852582189263,1.2959146245265998,0.9694049072431077,0.6497381399651259,5.60288113195772
0.0285,0.022228444645656417,1.0,5.904966051750712,0.42429728830624863,1.2949364635200964,0.9703896773764094,0.6520499299450354,5.630119621872678
0.029,0.022214555756767528,1.0,5.929451971874697,0.4292660396085656,1.293958892183493,0.9713223477096609,0.654352678825014,5.65693768241668
0.029500000000000002,0.022200666867878638,1.0,5.953568826025543,0.434191954622309,1.292981855865598,0.9722064407699894,0.6566465285341996,5.6833754721791205
0.03,0.02218677797898975,1.0,5.977330510915338,0.439075384969212,1.2920053336397699,0.9730451801113623,0.6589315405037067,5.7094469535700325
0.0305,0.022172889090100862,1.0,6.000751096286138,0.44391668227100783,1.2910293045793668,0.9738415327441196,0.6612077755042005,5.735166261171014
0.031,0.022159000201211972,1.0,6.023844819463344,0.44871619814942965,1.290053747757747,0.9745982326563187,0.6634752936467412,5.760547696289702
0.0315,0.022145111312323083,1.0,6.046626080133761,0.4534742842262106,1.289078642248269,0.975317801918404,0.6657341543835893,5.785605721738885
0.032,0.022131222423434193,1.0,6.069109435351485,0.4581912921230838,1.2881039671242909,0.9760025696437971,0.6679844165089821,5.810354956843391
0.0325,0.022117333534545307,1.0,6.091309594769587,0.4628675734617824,1.2871297014591712,0.9766546890448146,0.670226138159869,5.834810172672733
0.033,0.022103444645656417,1.0,6.113241416097395,0.4675034798640397,1.286155824326268,0.9772761527944179,0.672459376816616,5.858986287499302
0.0335,0.022089555756767527,1.0,6.1349199007856035,0.47209936295158866,1.2851823147989399,0.9778688068791217,0.6746841893036735,5.882898362484347
0.034,0.022075666867878638,1.0,6.1563601899370095,0.47665557434616257,1.2842091519505452,0.9784343631064206,0.6769006317902077,5.906561597589536
0.0345,0.02206177797898975,1.0,6.177577560443954,0.4811724656694945,1.283236314854442,0.9789744104109057,0.6791087597907018,5.929991327715168
0.035,0.022047889090100862,1.0,6.198582182565278,0.4856503487858433,1.2822637891285593,0.9794904204006771,0.6813086133871529,5.953197765493932
0.035500000000000004,0.022034000201211972,1.0,6.21937873388171,0.4900895629324218,1.2812915673578233,0.9799837660475629,0.6835002165335164,5.9761856146277985
0.036000000000000004,0.022020111312323083,1.0,6.2399813446652415,0.4944905137752086,1.280319630425262,0.980455732663254,0.6856836191929782,5.998969057404828
0.0365,0.022006222423434196,1.0,6.260395240117235,0.4988535139732311,1.279347970426033,0.980907507082317,0.6878588456754245,6.021553345279178
0.037,0.021992333534545307,1.0,6.2806256990660865,0.5031788761855168,1.2783765794552944,0.9813401962540573,0.6900259200430807,6.043943783010143
0.0375,0.021978444645656417,1.0,6.300678052851904,0.5074669130710932,1.277405449608203,0.9817548334997586,0.692184866110683,6.066145727547068
0.038,0.021964555756767527,1.0,6.320557684243285,0.5117179372889874,1.2764345729799171,0.9821523842155206,0.6943357074456435,6.088164586946332
0.0385,0.021950666867878638,1.0,6.34027002638659,0.5159322614982271,1.275463941665594,0.9825337510751831,0.696478467368217,6.110005819320842
0.039,0.02193677797898975,1.0,6.359820561787505,0.5201101983578397,1.2744935477603914,0.982899778781957,0.698613168951655,6.131674931821794
0.0395,0.021922889090100862,1.0,6.379214821324522,0.5242520605268524,1.2735233833594668,0.9832512584122363,0.7007398350223606,6.153177479652354
0.04,0.021909000201211972,1.0,6.398458383296054,0.5283581606642928,1.272553440557978,0.9835889313904727,0.7028584881600352,6.174519065114967
0.0405,0.021895111312323082,1.0,6.417556872498129,0.5324288114291882,1.2715837114510822,0.9839134931299425,0.7049691506978213,6.195705336689234
0.041,0.021881222423434196,1.0,6.436515959335331,0.536464325480566,1.2706141881339374,0.9842255963706358,0.7070718447224396,6.216741988143033
0.0415,0.021867333534545307,1.0,6.455341358963468,0.5404650154774537,1.2696448627017014,0.9845258542423019,0.7091665920743224,6.237634757675357
0.042,0.021853444645656417,1.0,6.474036440651794,0.5444311491409106,1.2686757301708127,0.9848148393193952,0.7112534080687226,6.258387031092381
0.0425,0.021839555756767527,1.0,6.492603356534409,0.5483630373131193,1.2677067870793213,0.985093094141866,0.7133323046066677,6.279000973656116
0.043000000000000003,0.021825666867878638,1.0,6.511047443079157,0.5522610380380745,1.2667380261105141,0.9853611330911086,0.7154033017066668,6.299481942907146
0.043500000000000004,0.02181177797898975,1.0,6.529370873889513,0.556125427672876,1.2657694438453653,0.9856194340973753,0.717466410872501,6.319832125089565
0.044,0.02179788909010086,1.0,6.5475758433602875,0.5599564825746234,1.2648010368648488,0.9858684477374062,0.719521643501204,6.34005372710006
0.0445,0.021784000201211972,1.0,6.5656645663667925,0.5637544791004167,1.2638328017499387,0.9861085990705618,0.7215690108831101,6.360148976177139
0.045,0.021770111312323082,1.0,6.58363927795577,0.5675196936073555,1.2628647350816093,0.9863402893347232,0.7236085242019014,6.380120119592121
0.0455,0.021756222423434196,1.0,6.601502233047032,0.5712524024525396,1.2618968334408345,0.9865638975139117,0.7256401945346552,6.399969424350839
0.046,0.021742333534545306,1.0,6.619255706136277,0.5749528819930686,1.2609290934085884,0.9867797817884618,0.7276640328518886,6.419699176896514
0.0465,0.021728444645656417,1.0,6.636901991009207,0.5786214085860424,1.259961511565845,0.9869882808775748,0.7296800500176044,6.439311682823932
0.047,0.021714555756767527,1.0,6.654443400456616,0.5822582585885607,1.2589940844935783,0.9871897152831742,0.7316882567893329,6.458809266594583
0.0475,0.021700666867878637,1.0,6.671882265999232,0.5858637083577232,1.2580268087727626,0.9873843884431732,0.7336886638181768,6.478194271261571
0.048,0.02168677797898975,1.0,6.689220937617236,0.5894380342506296,1.257059680984372,0.98757258780153,0.7356812816488517,6.497469058199173
0.0485,0.02167288909010086,1.0,6.706461783484439,0.5929815126243797,1.2560926977093803,0.9877545858018033,0.7376661207197279,6.516636006837079
0.049,0.021659000201211972,1.0,6.723607189711655,0.5964944198360733,1.2551258555287617,0.9879306408103306,0.7396431913628697,6.535697514403814
0.0495,0.021645111312323082,1.0,6.740656814628524,0.5999769446119638,1.2541591543124733,0.9881009926487468,0.7416124971166735,6.5546532437400495
0.05,0.021631222423434196,1.0,6.757613875826397,0.6034294578750442,1.2531925896762839,0.9882658801228337,0.7435740501320678,6.573506425266431
0.0505,0.021617333534545306,1.0,6.774479463660577,0.6068522072117686,1.252226159803477,0.9884255225876987,0.7455278572431636,6.592258156992692
0.051000000000000004,0.021603444645656417,1.0,6.791254595110454,0.6102454364662981,1.251259862977342,0.988580128326288,0.7474739250264295,6.610909463285388
0.051500000000000004,0.021589555756767527,1.0,6.807940297034874,0.6136093894827945,1.2502936974811678,0.9887298954166223,0.7494122600048225,6.629461378320984
0.052000000000000005,0.021575666867878637,1.0,6.824537606053653,0.616944310105419,1.249327661598244,0.9888750123226521,0.751342868647806,6.647914945967384
0.0525,0.02156177797898975,1.0,6.841047568432402,0.6202504421783328,1.2483617536118603,0.9890156584460525,0.7532657573713664,6.666271219668784
0.053,0.02154788909010086,1.0,6.857471239968287,0.6235280295456976,1.2473959718053056,0.9891520046418523,0.7551809325380338,6.684531262331455
0.0535,0.021534000201211972,1.0,6.8738096858775,0.6267773160516749,1.2464303144618694,0.9892842137005503,0.7570884004568967,6.702696146211236
0.054,0.021520111312323082,1.0,6.890063980683469,0.6299985455404258,1.245464779864841,0.9894124407991732,0.7589881673836205,6.7207669528017675
0.0545,0.021506222423434196,1.0,6.906235208108372,0.6331919618561118,1.2444993662975101,0.9895368339235069,0.7608802395204639,6.738744772726024
0.055,0.021492333534545306,1.0,6.9223244609632,0.6363578088428944,1.2435340720431658,0.9896575342635786,0.7627646230162966,6.756630705626403
0.0555,0.021478444645656417,1.0,6.938332841042913,0.6394963303449349,1.2425688953850973,0.9897746765842874,0.7646413239666149,6.7744258600599006
0.056,0.021464555756767527,1.0,6.954261459019743,0.6426077702063948,1.2416038346065943,0.9898883895729385,0.7665103484135577,6.792131353391436
0.0565,0.021450666867878637,1.0,6.97011075891213,0.6456923275134363,1.24063888878666,0.989998794003462,0.768371700814086,6.809747634809709
0.057,0.02143677797898975,1.0,6.985881517214861,0.6487502638184742,1.2396740566196638,0.990106008339094,0.7702253863338968,6.827275486640934
0.0575,0.02142288909010086,1.0,7.001574826041663,0.6517818433516047,1.2387093364372495,0.9902101459386151,0.7720714107907523,6.844716007432583
0.058,0.02140900020121197,1.0,7.0171912054000485,0.6547872812691423,1.2377447272525675,0.9903113129394612,0.7739097786544092,6.862069722334545
0.0585,0.021395111312323082,1.0,7.032731180961744,0.6577667927274015,1.2367802280787683,0.9904096109215371,0.7757404943638658,6.87933716212095
0.059000000000000004,0.021381222423434196,1.0,7.048195284007941,0.6607205928826965,1.2358158379290023,0.9905051371401916,0.7775635623273701,6.896518863135422
0.059500000000000004,0.021367333534545306,1.0,7.063584051371219,0.663648896891342,1.23485155581642,0.9905979847455794,0.779378986922428,6.913615367233021
0.06,0.021353444645656416,1.0,7.078898025382194,0.6665519199096522,1.2338873807541717,0.9906882429893035,0.7811867724958125,6.930627221726895
0.0605,0.021339555756767527,1.0,7.09413775381387,0.6694298770939419,1.232923311755408,0.9907759974191686,0.7829869233635722,6.947554979332652
0.061,0.02132566686787864,1.0,7.109303789827484,0.6722829836005252,1.2319593478332789,0.9908613300628117,0.7847794438110398,6.964399198114204
0.0615,0.02131177797898975,1.0,7.124396691917444,0.6751114545857166,1.230995488000935,0.9909443196009337,0.7865643380928394,6.981160441428727
0.062,0.02129788909010086,1.0,7.1394170238594,0.6779155052058309,1.2300317312715272,0.9910250415307834,0.7883416104328955,6.997839277874736
0.0625,0.02128400020121197,1.0,7.1543653546580135,0.6806953506171821,1.2290680766582052,0.9911035683205224,0.7901112650244426,7.014436281239868
0.063,0.021270111312323085,1.0,7.169242258492596,0.6834512059760849,1.2281045231741199,0.9911799695550374,0.7918733060300296,7.030952030446529
0.0635,0.021256222423434196,1.0,7.184048255701449,0.6861832794292101,1.227141069900845,0.9912543117929277,0.793627737457198,7.047387050420899
0.064,0.021242333534545306,1.0,7.198783290688811,0.6888917313728585,1.2261777165931909,0.9913266571093512,0.7953745620667609,7.063741288989771
0.0645,0.021228444645656416,1.0,7.213448301142153,0.6915768439733383,1.2252144618585028,0.9913970699530871,0.79711378467914,7.080015689164456
0.065,0.021214555756767527,1.0,7.228043574707807,0.6942388070741927,1.2242513050635606,0.9914656086963993,0.7988454087091594,7.0962105426015825
0.0655,0.02120066686787864,1.0,7.242569402737514,0.6968778105189654,1.2232882455751448,0.991532329492128,0.8005694375518952,7.112326144637522
0.066,0.02118677797898975,1.0,7.25702608025605,0.6994940441511994,1.2223252827600357,0.9915972863750363,0.8022858745826806,7.128362794256018
0.0665,0.02117288909010086,1.0,7.271413905930718,0.7020876978144386,1.2213624159850132,0.9916605313578755,0.803994723157112,7.144320794057694
0.067,0.02115900020121197,1.0,7.28573318203858,0.7046589613522262,1.2203996446168577,0.9917221145224755,0.8056959866110514,7.160200450227278
0.0675,0.021145111312323085,1.0,7.299984214435541,0.7072080246081055,1.2194369680223494,0.9917820841061542,0.8073896682606337,7.176002072502703
0.068,0.021131222423434196,1.0,7.314167312525219,0.7097350774256201,1.2184743855682683,0.9918404865837149,0.8090757714022706,7.191725974143981
0.0685,0.021117333534545306,1.0,7.328282789228043,0.7122403096483136,1.2175118966213947,0.9918973667452894,0.8107542993126549,7.207372471902305
0.069,0.021103444645656416,1.0,7.342330960950328,0.7147239111197292,1.2165495005485092,0.9919527677702616,0.8124252552487649,7.222941885989132
0.0695,0.021089555756767527,1.0,7.356312147554807,0.7171860716834103,1.2155871967163914,0.9920067312974965,0.8140886424478719,7.238434540046722
0.07,0.02107566686787864,1.0,7.3702266723287,0.7196269811829005,1.2146249844918218,0.9920592974920837,0.8157444641275411,7.253850761116209
0.07050000000000001,0.02106177797898975,1.0,7.384074861954229,0.7220468294617431,1.2136628632415807,0.9921105051087886,0.8173927234856384,7.269190879608127
0.07100000000000001,0.02104788909010086,1.0,7.397856678721345,0.724445732484152,1.2127008327529876,0.9921603890282442,0.8190334229847425,7.284454860869334
0.07150000000000001,0.02103400020121197,1.0,7.411572590888043,0.7268239390583722,1.2117388922375658,0.9922089874357308,0.8206665660560339,7.299643177084436
0.07200000000000001,0.021020111312323085,1.0,7.425222970201225,0.7291816627313088,1.2107770410213559,0.9922563360155523,0.8222921559131267,7.314756203721573
0.0725,0.021006222423434195,1.0,7.438807976223314,0.7315190683667204,1.2098152786762606,0.9923024676178684,0.8239101953360124,7.329794103667014
0.073,0.020992333534545306,1.0,7.452327771116698,0.733836320828366,1.2088536047741836,0.992347413986642,0.8255206870913165,7.344757042389619
0.0735,0.020978444645656416,1.0,7.4657825196255665,0.7361335849800039,1.2078920188870275,0.992391205804892,0.8271236339323033,7.359645187922685
0.074,0.020964555756767526,1.0,7.479172389053695,0.738411025685393,1.2069305205866958,0.9924338727378478,0.8287190385988763,7.3744587108417265
0.0745,0.02095066686787864,1.0,7.492497549248334,0.7406688078082917,1.2059691094450917,0.9924754434741062,0.8303069038175833,7.3891977842483785
0.075,0.02093677797898975,1.0,7.505758172577971,0.7429070962124588,1.2050077850341183,0.9925159457649025,0.8318872323016189,7.403862583748154
0.0755,0.02092288909010086,1.0,7.5189544339149625,0.7451260557616529,1.2040465469256787,0.9925554064615917,0.8334600267508272,7.418453287433085
0.076,0.02090900020121197,1.0,7.532086510615558,0.7473258513196327,1.2030853946916762,0.99259385155143,0.8350252898517044,7.432970075861747
0.0765,0.020895111312323085,1.0,7.545154582501685,0.7495066477501569,1.2021243279040137,0.9926313061917502,0.836583024277403,7.447413132041051
0.077,0.020881222423434195,1.0,7.558158831840119,0.7516686099169838,1.2011633461345945,0.9926677947426052,0.8381332326877333,7.4617826414054145
0.0775,0.020867333534545306,1.0,7.57109944332592,0.7538119026838725,1.200202448955322,0.9927033407979642,0.8396759177291667,7.476078791800204
0.078,0.020853444645656416,1.0,7.583976604062205,0.7559366909145815,1.199241635938099,0.9927379672155303,0.84121108203484,7.490301773461509
0.0785,0.020839555756767526,1.0,7.596790503542105,0.7580431394728693,1.1982809066548288,0.9927716961452514,0.8427387282245563,7.504451778998104
0.079,0.02082566686787864,1.0,7.6095413336297755,0.7601314132224948,1.1973202606774147,0.9928045490565882,0.8442588589047885,7.518529003372463
0.0795,0.02081177797898975,1.0,7.622229247038903,0.7622016657209015,1.1963596976245157,0.9928365464284326,0.8457714765952351,7.532533602315414
0.08,0.02079788909010086,1.0,7.63485409786025,0.7642539903039407,1.1953992174534038,0.992867706344427,0.8472765832743896,7.546465432460331
0.0805,0.02078400020121197,1.0,7.647416342935348,0.7662886446237083,1.1944388194447721,0.9928980511584736,0.8487741819716932,7.560324954099959
0.081,0.020770111312323085,1.0,7.659916072397747,0.7683057702866212,1.1934785032949624,0.9929275991841467,0.8502642750509649,7.574112260234898
0.0815,0.020756222423434195,1.0,7.672353378304627,0.7703055088990964,1.1925182687003155,0.9929563681925871,0.8517468648665325,7.587827445777044
0.082,0.020742333534545306,1.0,7.6847283546241805,0.772288002067551,1.1915581153571728,0.9929843754323813,0.8532219537632323,7.601470607536966
0.0825,0.020728444645656416,1.0,7.697041097223266,0.774253391398402,1.1905980429618754,0.993011637648625,0.8546895440764124,7.615041844211568
0.083,0.020714555756767526,1.0,7.709291703854254,0.7762018184980664,1.1896380512107645,0.9930381711012058,0.8561496381319339,7.628541256370936
0.0835,0.02070066686787864,1.0,7.721480274141925,0.7781334249729612,1.1886781398001816,0.993063991582343,0.8576022382461725,7.641968946445238
0.084,0.02068677797898975,1.0,7.733606909571256,0.7800483524295035,1.1877183084264678,0.993089114433421,0.8590473467260221,7.655325018712515
0.0845,0.02067288909010086,1.0,7.745671713475048,0.7819467424741102,1.1867585567859642,0.9931135545611439,0.8604849658688951,7.668609579286305
0.085,0.02065900020121197,1.0,7.757674791021177,0.7838287367131985,1.1857988845750123,0.9931373264530505,0.861915097962725,7.681822736102907
0.0855,0.020645111312323085,1.0,7.769616249200317,0.7856944767531853,1.184839291489953,0.9931604441924086,0.8633377452859687,7.694964598909096
0.08600000000000001,0.020631222423434195,1.0,7.781496196812645,0.7875441042004876,1.183879777227128,0.9931829214725264,0.8647529101076072,7.708035279248837
0.08650000000000001,0.020617333534545305,1.0,7.793314744456931,0.7893777606615224,1.182920341482878,0.993204771610502,0.8661605946871493,7.721034890452376
0.08700000000000001,0.020603444645656416,1.0,7.805072004516502,0.7911955877427069,1.1819609839535443,0.9932260075604374,0.867560801274632,7.733963547622203
0.08750000000000001,0.020589555756767526,1.0,7.816768091148415,0.792997727050458,1.1810017043354686,0.993246641926142,0.8689535321106224,7.746821367622233
0.088,0.02057566686787864,1.0,7.828403120270365,0.7947843201911926,1.1800425023249916,0.9932666869733459,0.8703387894262216,7.759608469064715
0.0885,0.02056177797898975,1.0,7.83997706783363,0.7965554597678304,1.179083377775873,0.9932861533331158,0.871716575217536,7.772324830396459
0.089,0.02054788909010086,1.0,7.851490054305507,0.7983113109199418,1.178124330382926,0.9933050532767626,0.8730868917025367,7.78497057476122
0.0895,0.020534000201211974,1.0,7.862942245706477,0.8000520401440985,1.1771653597923586,0.9933233987927891,0.8744497411585765,7.797545870900256
0.09,0.020520111312323085,1.0,7.874333697264371,0.8017777690702907,1.1762064657752256,0.993341200381968,0.875805125676017,7.810050776603535
0.0905,0.020506222423434195,1.0,7.885664465716304,0.8034886193285086,1.1752476481025822,0.993358468271361,0.8771530473380541,7.82248535116099
0.091,0.020492333534545305,1.0,7.896934609298979,0.8051847125487422,1.1742889065454836,0.9933752124234124,0.8784935082207188,7.834849655352835
0.0915,0.020478444645656416,1.0,7.908144187740319,0.8068661703609818,1.1733302408749844,0.9933914425447115,0.8798265103928795,7.847143751441193
0.092,0.02046455575676753,1.0,7.919293262249608,0.8085331143952176,1.17237165086214,0.9934071680944379,0.881152055916242,7.859367703160235
0.0925,0.02045066686787864,1.0,7.930381895508531,0.8101856662814396,1.1714131362780056,0.9934223982925052,0.8824701468453515,7.87152157570723
0.093,0.02043677797898975,1.0,7.941410151663944,0.811823947649638,1.1704546968936358,0.9934371421274136,0.883780785227595,7.883605435735314
0.0935,0.02042288909010086,1.0,7.9523780963163935,0.813448080129803,1.169496332480086,0.9934514083638224,0.8850839731032005,7.895619351342008
0.094,0.020409000201211974,1.0,7.963285796513799,0.8150581853519248,1.168538042808411,0.9934652055498585,0.8863797125052411,7.907563392062906
0.0945,0.020395111312323085,1.0,7.974133320739604,0.8166543849459934,1.1675798276496658,0.9934785420241665,0.8876680054596332,7.919437628859827
0.095,0.020381222423434195,1.0,7.984920738907147,0.8182368005419991,1.1666216867749057,0.9934914259227147,0.8889488539851408,7.931242134115185
0.0955,0.020367333534545305,1.0,7.995648122348723,0.8198055537699319,1.1656636199551857,0.9935038651853639,0.8902222600933751,7.942976981621057
0.096,0.020353444645656416,1.0,8.006315543807663,0.8213607662597823,1.1647056269615608,0.9935158675622124,0.8914882257887967,7.95464224657126
0.0965,0.02033955575676753,1.0,8.01692307742937,0.82290255964154,1.163747707565086,0.9935274406197223,0.8927467530687164,7.966238005552391
0.097,0.02032566686787864,1.0,8.027470796065534,0.8244310540700074,1.1627898615397656,0.993538591709959,0.8939978439194558,7.977764333845046
0.0975,0.02031177797898975,1.0,8.037958633063685,0.8259463032410248,1.1618320888141578,0.9935493263674652,0.8952415001201862,7.989221167060892
0.098,0.02029788909010086,1.0,8.048386781001765,0.8274485070118331,1.1608743890337188,0.9935596535925668,0.8964777238121109,8.000608700321187
0.0985,0.020284000201211974,1.0,8.058755274759001,0.8289377698540717,1.1599167620185082,0.9935695798498939,0.8977065169020632,8.011926970861882
0.099,0.020270111312323084,1.0,8.06906415045972,0.8304141962393796,1.1589592075885862,0.9935791114537302,0.8989278812912351,8.023176017156695
0.0995,0.020256222423434195,1.0,8.079313445466822,0.8318778906393961,1.1580017255640127,0.993588254572637,0.9001418188751776,8.034355878910585
0.1,0.020242333534545305,1.0,8.08950319837502,0.8333289575257602,1.1570443157648473,0.9935970152339302,0.9013483315438037,8.045466597052998
0.1005,0.020228444645656415,1.0,8.09963344900327,0.8347675013701111,1.1560869780111502,0.9936053993280136,0.9025474211813869,8.056508213730293
0.101,0.02021455575676753,1.0,8.109704238389774,0.8361936266440883,1.155129712122981,0.9936134126125725,0.903739089666564,8.067480772300746
0.1015,0.02020066686787864,1.0,8.119715608782268,0.8376074378193307,1.1541725179204003,0.9936210607166356,0.9049233388723353,8.078384317324844
0.10200000000000001,0.02018677797898975,1.0,8.129667603635891,0.8390090393674774,1.1532153952234672,0.9936283491445093,0.906100170666067,8.089218894563151
0.10250000000000001,0.02017288909010086,1.0,8.139560267601544,0.8403985357601679,1.152258343852242,0.993635283279588,0.9072695869094898,8.099984550964674
0.10300000000000001,0.020159000201211974,1.0,8.149393646523148,0.8417760314690411,1.1513013636267848,0.9936418683880475,0.9084315894587017,8.110681334664116
0.10350000000000001,0.020145111312323084,1.0,8.159167787428855,0.8431416309657364,1.1503444543671553,0.9936481096224216,0.9095861801641695,8.12130929497309
0.10400000000000001,0.020131222423434195,1.0,8.168882738525301,0.8444954387218928,1.149387615893413,0.9936540120250721,0.9107333608707283,8.131868482374376
0.1045,0.020117333534545305,1.0,8.17853854919058,0.8458375592091496,1.1484308480256187,0.9936595805315511,0.9118731334175828,8.142358948514893
0.105,0.020103444645656415,1.0,8.188135269968548,0.847168096899146,1.1474741505838315,0.9936648199738612,0.9130054996383096,8.152780746200005
0.1055,0.02008955575676753,1.0,8.197672952560515,0.8484871562635211,1.146517523388112,0.9936697350836193,0.9141304613608563,8.16313392938522
0.106,0.02007566686787864,1.0,8.207151609109093,0.8497948107996127,1.145560966302719,0.9936743297631355,0.9152480203560747,8.173418512423009
0.1065,0.02006177797898975,1.0,8.216571284013035,0.8510911713330774,1.1446044791580543,0.993678608707555,0.9163581784297113,8.183634541944457
0.107,0.02004788909010086,1.0,8.225932048940264,0.8523763677939968,1.1436480617561593,0.9936825769684849,0.9174609374147946,8.193782091866101
0.1075,0.020034000201211974,1.0,8.23523392794729,0.8536504899161891,1.1426917139519484,0.9936862385597116,0.9185562990778214,8.20386118844234
0.108,0.020020111312323084,1.0,8.244476946143713,0.8549136274334718,1.1417354356003366,0.9936895974118899,0.9196442651807313,8.213871858974738
0.1085,0.020006222423434195,1.0,8.253661129689851,0.8561658700796632,1.1407792265562382,0.9936926573749575,0.9207248374809094,8.223814131809648
0.109,0.019992333534545305,1.0,8.262786505789563,0.857407307588581,1.139823086674568,0.9936954222204857,0.921798017731185,8.233688036331058
0.1095,0.019978444645656415,1.0,8.271853102685936,0.8586380296940433,1.1388670158102403,0.9936978956439616,0.9228638076798339,8.243493602956255
0.11,0.01996455575676753,1.0,8.280860949656105,0.8598581261298681,1.13791101381817,0.9937000812670058,0.923922209070578,8.253230863130657
0.1105,0.01995066686787864,1.0,8.289810077004987,0.8610676866298733,1.1369550805532718,0.993701982639531,0.9249732236425874,8.26289984932155
0.111,0.01993677797898975,1.0,8.29870051606209,0.8622668009278768,1.13599921587046,0.9937036032418392,0.9260168531304802,8.272500595014895
0.1115,0.01992288909010086,1.0,8.307532299174397,0.8634555587576965,1.1350434196246493,0.9937049464866617,0.9270530992643236,8.282033134708213
0.112,0.019909000201211974,1.0,8.316305459703202,0.8646340498531506,1.1340876916707543,0.9937060157211445,0.9280819637696349,8.291497503907417
0.1125,0.019895111312323084,1.0,8.325020032016349,0.8658023639480568,1.1331320318636897,0.9937068142287802,0.929103448367382,8.300893739119065
0.113,0.019881222423434194,1.0,8.333676051485744,0.8669605907762331,1.13217644005837,0.9937073452312861,0.9301175547739844,8.310221877847859
0.1135,0.019867333534545305,1.0,8.342273554481167,0.8681088200714976,1.1312209161097098,0.9937076118904352,0.931124284701314,8.319481958590469
0.114,0.019853444645656415,1.0,8.350812578364506,0.869247141567668,1.1302654598726238,0.9937076173098371,0.9321236398566953,8.32867402082976
0.1145,0.01983955575676753,1.0,8.359293161486214,0.8703756449985625,1.1293100712020265,0.9937073645366721,0.9331156219429073,8.337798105031254
0.115,0.01982566686787864,1.0,8.367715256302953,0.871494335566934,1.1283547500462419,0.9937068546247623,0.9341002325622672,8.346854165699252
0.1155,0.01981177797898975,1.0,8.376078990061437,0.8726034004023929,1.1273994961666165,0.9937060927516265,0.935077473505969,8.355842332247207
0.116,0.01979788909010086,1.0,8.384384384268651,0.8737029222825824,1.126444309439308,0.9937050816450401,0.9360473464416661,8.364762628265876
0.1165,0.019784000201211974,1.0,8.392631454200894,0.8747929768564032,1.1254891897481605,0.9937038238206642,0.9370098530254007,8.373615071105437
0.117,0.019770111312323084,1.0,8.400820216044542,0.8758736397727563,1.1245341369770179,0.993702321747089,0.9379649949095574,8.382399679021395
0.11750000000000001,0.019756222423434194,1.0,8.408950686892256,0.8769449866805424,1.1235791510097244,0.9937005778471553,0.938912773742863,8.391116471170783
0.11800000000000001,0.019742333534545305,1.0,8.417022884739177,0.8780070932286625,1.1226242317301243,0.9936985944992411,0.9398531911703871,8.39976546760836
0.11850000000000001,0.019728444645656415,1.0,8.425036828479149,0.8790600350660172,1.121669379022061,0.9936963740385176,0.9407862488335441,8.408346689282837
0.11900000000000001,0.01971455575676753,1.0,8.432992537899384,0.8801038878415074,1.1207145927693793,0.9936939187581765,0.9417119483700916,8.416860158031541
0.11950000000000001,0.01970066686787864,1.0,8.440890033677592,0.881138727204034,1.119759872855923,0.993691230910625,0.9426302914141326,8.42530589657755
0.12,0.01968677797898975,1.0,8.448729337377745,0.8821646288024976,1.1188052191655362,0.9936883127086551,0.9435412795961157,8.433683928525447
0.1205,0.019672889090100863,1.0,8.456510471447013,0.8831816682857992,1.1178506315820627,0.9936851663265841,0.9444449145428357,8.44199427835827
0.121,0.019659000201211974,1.0,8.464233459209554,0.8841899213028397,1.1168961099893469,0.9936817939013687,0.9453411978774341,8.450236971431297
0.1215,0.019645111312323084,1.0,8.471898324864336,0.8851894635025197,1.1159416542712326,0.993678197533694,0.9462301312193999,8.458412033969864
0.122,0.019631222423434194,1.0,8.47950509348139,0.8861803705337402,1.1149872643115641,0.9936743792890359,0.9471117161845699,8.46651949306563
0.1225,0.019617333534545305,1.0,8.487053790996093,0.887162718045402,1.1140329399941855,0.9936703411987009,0.9479859543851299,8.474559376670847
0.123,0.01960344464565642,1.0,8.494544444207659,0.8881365816864059,1.1130786812029407,0.9936660852608427,0.9488528474296148,8.482531713596863
0.1235,0.01958955575676753,1.0,8.501977080772537,0.8891020371056525,1.1121244878216738,0.9936616134414535,0.9497123969229093,8.490436533507518
0.124,0.01957566686787864,1.0,8.509351729202708,0.890059159952043,1.1111703597342288,0.9936569276753374,0.9505646044662486,8.498273866917438
0.1245,0.01956177797898975,1.0,8.516668418860197,0.8910080258744779,1.11021629682445,0.9936520298670585,0.9514094716572189,8.506043745186552
0.125,0.019547889090100863,1.0,8.52392717995472,0.8919487105218582,1.1092622989761813,0.9936469218918711,0.9522470000897583,8.513746200517739
0.1255,0.019534000201211973,1.0,8.53112800934108,0.8928812311099596,1.108308366109682,0.993641604274421,0.9530771913226044,8.521381231737823
0.126,0.019520111312323084,1.0,8.538270953913047,0.8938057114954532,1.107354498092781,0.9936360799257679,0.9539000469569884,8.528948887732396
0.1265,0.019506222423434194,1.0,8.54535603681723,0.8947222383011876,1.10640069481949,0.9936303508872553,0.954715568567719,8.536449193623234
0.127,0.019492333534545304,1.0,8.552383268801961,0.8956308744789794,1.1054469561978744,0.9936244186388673,0.9555237577144142,8.543882162123598
0.1275,0.019478444645656418,1.0,8.559352661405727,0.8965316829806451,1.1044932821360005,0.9936182846357035,0.9563246159537848,8.551247806733125
0.128,0.01946455575676753,1.0,8.566264226954099,0.8974247267580013,1.1035396725419342,0.9936119503086813,0.9571181448396362,8.558546141734759
0.1285,0.01945066686787864,1.0,8.573117978558885,0.8983100687628645,1.1025861273237412,0.9936054170652258,0.9579043459228687,8.565777182193905
0.129,0.01943677797898975,1.0,8.579913930112184,0.8991877719470511,1.1016326463894877,0.9935986862899459,0.9586832207514775,8.572940943952485
0.1295,0.019422889090100863,1.0,8.586652096285553,0.9000578992623778,1.1006792296472394,0.993591759345296,0.9594547708705538,8.580037443628104
0.13,0.019409000201211973,1.0,8.593332492525166,0.9009205136606611,1.0997258770050624,0.9935846375722259,0.9602189978222847,8.587066698609206
0.1305,0.019395111312323084,1.0,8.599955135050559,0.9017756780937174,1.0987725883710224,0.9935773222908177,0.9609759031459543,8.594028727053828
0.131,0.019381222423434194,1.0,8.606520040850016,0.9026234555133634,1.0978193636531857,0.9935698148009108,0.9617254883779432,8.600923547884982
0.1315,0.019367333534545304,1.0,8.613027227678879,0.9034639088714156,1.0968662027596177,0.9935621163827146,0.9624677550517305,8.607751180788961
0.132,0.019353444645656418,1.0,8.619476714055166,0.9042971011196904,1.0959131055983848,0.9935542282974112,0.9632027046978923,8.614511646210966
0.1325,0.01933955575676753,1.0,8.62586851925743,0.9051230952100044,1.0949600720775527,0.993546151787744,0.963930338844104,8.621204965352964
0.133,0.01932566686787864,1.0,8.63220266332197,0.9059419540941743,1.0940071021051874,0.9935378880785992,0.9646506590151395,8.62783116017089
0.1335,0.01931177797898975,1.0,8.638479167038454,0.9067537407240164,1.0930541955893547,0.9935294383775752,0.9653636667328724,8.634390253370286
0.134,0.019297889090100863,1.0,8.644698051948922,0.9075585180513474,1.0921013524381207,0.99352080387554,0.9660693635162764,8.640882268405294
0.1345,0.019284000201211973,1.0,8.650859340342308,0.9083563490279836,1.0911485725595513,0.9935119857471828,0.9667677508814249,8.647307229473178
0.135,0.019270111312323084,1.0,8.656963055253897,0.9091472966057417,1.0901958558617124,0.9935029851515521,0.9674588303414928,8.65366516151379
0.1355,0.019256222423434194,1.0,8.663009220460976,0.9099314237364382,1.0892432022526697,0.9934938032325871,0.9681426034067564,8.659956090205213
0.136,0.019242333534545304,1.0,8.668997848366082,0.9107087569215716,1.0882906116532856,0.9934844402908719,0.9688190715755549,8.666180029843918
0.1365,0.019228444645656418,1.0,8.674928963118303,0.9114793735187329,1.0873380839727786,0.9934748977680896,0.9694882363518554,8.672337006472366
0.137,0.01921455575676753,1.0,8.68080258436757,0.9122433612177148,1.0863856191258883,0.9934651773285033,0.9701500992329478,8.678427041628922
0.1375,0.01920066686787864,1.0,8.686618720184436,0.9130007724043573,1.0854332170403371,0.993455279820493,0.9708046617045546,8.68445014526631
0.138,0.01918677797898975,1.0,8.692377379341307,0.9137516594645001,1.084480877643848,0.9934452060791891,0.9714519252501008,8.690406328036119
0.1385,0.019172889090100863,1.0,8.698078571312116,0.9144960747839833,1.0835286008641434,0.9934349569268739,0.9720918913507145,8.696295601288483
0.139,0.019159000201211973,1.0,8.703722306267302,0.9152340707486467,1.0825763866289466,0.9934245331733779,0.9727245614852269,8.702117977067056
0.1395,0.019145111312323083,1.0,8.709308595075269,0.9159656997443301,1.08162423486598,0.9934139356164686,0.9733499371301734,8.707873468110474
0.14,0.019131222423434194,1.0,8.714837449297148,0.9166910141568733,1.0806721455029664,0.9934031650422357,0.9739680197597929,8.713562087847112
0.1405,0.019117333534545304,1.0,8.72030888118513,0.9174100663721163,1.0797201184676288,0.9933922222254675,0.9745788108460289,8.719183850393424
0.14100000000000001,0.019103444645656414,1.0,8.725722903681037,0.9181229087758989,1.0787681536876896,0.9933811079300254,0.97518231185853,8.724738770552515
0.14150000000000001,0.019089555756767528,1.0,8.73107953041287,0.918829593754061,1.077816251090872,0.9933698229092093,0.9757785242646495,8.73022686381068
0.14200000000000002,0.01907566686787864,1.0,8.736378775692494,0.9195301736924425,1.0768644106048986,0.9933583679061195,0.9763674495294462,8.735648146335098
0.14250000000000002,0.01906177797898975,1.0,8.741620654514644,0.9202247009768832,1.075912632157492,0.993346743654015,0.9769490891156852,8.74100263497284
0.14300000000000002,0.019047889090100863,1.0,8.74680518255396,0.920913227993223,1.074960915676375,0.9933349508766636,0.9775234444838375,8.746290347247895
0.14350000000000002,0.019034000201211973,1.0,8.75193237616062,0.9215958071273017,1.0740092610892709,0.9933229902886892,0.9780905170920805,8.75151130135681
0.14400000000000002,0.019020111312323083,1.0,8.757002252361863,0.9222724907649592,1.0730576683239017,0.9933108625959148,0.9786503083962991,8.756665516170221
0.1445,0.019006222423434194,1.0,8.76201482885631,0.9229433312920354,1.0721061373079908,0.9932985684956999,0.9792028198500847,8.761753011227155
0.145,0.018992333534545304,1.0,8.766970124013891,0.9236083810943703,1.0711546679692605,0.9932861086772733,0.9797480529047372,8.766773806734975
0.1455,0.018978444645656418,1.0,8.771868156872426,0.9242676925578035,1.0702032602354339,0.9932734838220625,0.9802860090092638,8.77172792356595
0.146,0.018964555756767528,1.0,8.776708947135088,0.9249213180681749,1.0692519140342334,0.9932606946040196,0.9808166896103806,8.776615383254729
0.1465,0.01895066686787864,1.0,8.781493732934319,0.9255692902343424,1.0683006280152478,0.9932477411937118,0.981340096850891,8.781437425805986
0.147,0.018936777978989752,1.0,8.786222994022982,0.9262116508496476,1.0673494016258969,0.9932346239890838,0.9818562324025346,8.786194532771864
0.1475,0.018922889090100863,1.0,8.79089371067358,0.9268484866337419,1.0663982379857715,0.99322134453302,0.9823650959695394,8.790883686149147
0.148,0.018909000201211973,1.0,8.79550538030473,0.9274798411799058,1.065447137571945,0.9932079032848372,0.9828666887345556,8.795504385216057
0.1485,0.018895111312323083,1.0,8.800057500473248,0.9281057580814205,1.0644961008614913,0.9931943006970192,0.9833610118946574,8.800057500473248
0.149,0.018881222423434194,1.0,8.804549568892268,0.9287262809315666,1.063545128331484,0.9931805372154653,0.9838480666613408,8.804549568892268
0.1495,0.018867333534545304,1.0,8.808981083445556,0.9293414533236252,1.0625942204589969,0.9931666132797383,0.9843278542605219,8.808981083445556
0.15,0.018853444645656418,1.0,8.813351542204282,0.9299513188508769,1.0616433777211034,0.9931525293233088,0.9848003759325334,8.813351542204282
0.1505,0.018839555756767528,1.0,8.817660443441794,0.9305559211066028,1.0606926005948771,0.9931382857737971,0.9852656329321229,8.817660443441794
0.151,0.01882566686787864,1.0,8.821907285651085,0.9311553036840835,1.059741889557392,0.9931238830532116,0.9857236265284495,8.821907285651085
0.1515,0.018811777978989752,1.0,8.826091567560693,0.9317495101766001,1.0587912450857215,0.993109321578187,0.9861743580050825,8.826091567560693
0.152,0.018797889090100862,1.0,8.830212788149817,0.9323385841774333,1.0578406676569394,0.9930946017602176,0.9866178286599979,8.830212788149817
0.1525,0.018784000201211973,1.0,8.834270446667155,0.9329225692798641,1.0568901577481191,0.9930797240058905,0.9870540398055765,8.834270446667155
0.153,0.018770111312323083,1.0,8.838264042644902,0.9335015090771732,1.0559397158363346,0.9930646887171147,0.9874829927686005,8.838264042644902
0.1535,0.018756222423434193,1.0,8.842193075917608,0.9340754471626416,1.0549893423986594,0.9930494962913495,0.987904688890252,8.842193075917608
0.154,0.018742333534545304,1.0,8.846057046637858,0.9346444271295501,1.054039037912167,0.9930341471218304,0.9883191295261096,8.846057046637858
0.1545,0.018728444645656418,1.0,8.84985545529313,0.9352084925711794,1.0530888028539314,0.9930186415977927,0.9887263160461457,8.84985545529313
0.155,0.018714555756767528,1.0,8.853587802723384,0.9357676870808107,1.0521386377010258,0.9930029801046932,0.9891262498347247,8.853587802723384
0.1555,0.018700666867878638,1.0,8.857253590138162,0.9363220542517245,1.051188542930524,0.9929871630244296,0.9895189322905995,8.857253590138162
0.156,0.018686777978989752,1.0,8.860852319133414,0.9368716376772019,1.0502385190195003,0.9929711907355604,0.9899043648269092,8.860852319133414
0.1565,0.018672889090100862,1.0,8.864383491709708,0.9374164809505237,1.0492885664450273,0.9929550636135189,0.9902825488711765,8.864383491709708
0.157,0.018659000201211973,1.0,8.867846694848646,0.9379566192962787,1.048338685595861,0.9929387818279124,0.990653485899458,8.867846694848646
0.1575,0.018645111312323083,1.0,8.8712433182008,0.9384920635510284,1.047388874978845,0.9929223449017605,0.9910171781129576,8.8712433182008
0.158,0.018631222423434193,1.0,8.874573833436564,0.9390229050606133,1.0464391340611976,0.9929057543118884,0.9913736273105844,8.874573833436564
0.1585,0.018617333534545307,1.0,8.877838235461049,0.9395491799051491,1.0454894628090052,0.9928890102269394,0.9917228350933925,8.877838235461049
0.159,0.018603444645656417,1.0,8.881036519955813,0.940070924164752,1.0445398611883534,0.9928721128120487,0.9920648030612889,8.881036519955813
0.1595,0.018589555756767528,1.0,8.884168683378348,0.940588173919538,1.0435903291653283,0.9928550622290032,0.9923995328130333,8.884168683378348
0.16,0.018575666867878638,1.0,8.887234722959805,0.941100965249623,1.042640866706016,0.9928378586363997,0.9927270259462391,8.887234722959805
0.1605,0.018561777978989752,1.0,8.890234636705273,0.9416093342351229,1.0416914737765024,0.9928205021898042,0.9930472840573729,8.890234636705273
0.161,0.018547889090100862,1.0,8.893168423390737,0.9421133169561539,1.040742150342873,0.9928029930419068,0.9933603087417548,8.893168423390737
0.1615,0.018534000201211973,1.0,8.896036082563109,0.9426129494928318,1.0397928963712144,0.9927853313426784,0.9936661015935592,8.896036082563109
0.162,0.018520111312323083,1.0,8.898837614538666,0.9431082679252727,1.0388437118276121,0.9927675172395263,0.9939646642058136,8.898837614538666
0.1625,0.018506222423434193,1.0,8.901573020402063,0.9435993083335925,1.0378945966781523,0.9927495508774463,0.9942559981704007,8.901573020402063
0.163,0.018492333534545307,1.0,8.904242302004777,0.9440861067979073,1.0369455508889207,0.9927314323991779,0.9945401050780567,8.904242302004777
0.1635,0.018478444645656417,1.0,8.906845461963545,0.9445686993983329,1.0359965744260033,0.9927131619453553,0.9948169865183728,8.906845461963545
0.164,0.018464555756767528,1.0,8.909382503660066,0.9450471222149854,1.0350476672554862,0.9926947396546589,0.9950866440797949,8.909382503660066
0.1645,0.018450666867878638,1.0,8.911853431239207,0.9455214113279808,1.0340988293434554,0.9926761656639674,0.9953490793496236,8.911853431239207
0.165,0.018436777978989752,1.0,8.91425824960825,0.9459916028174351,1.0331500606559967,0.992657440108506,0.995604293914015,8.91425824960825
0.1655,0.018422889090100862,1.0,8.916596964434655,0.9464577327634641,1.0322013611591958,0.9926385631219973,0.9958522893579801,8.916596964434655
0.166,0.018409000201211972,1.0,8.918869582145756,0.946919837246184,1.0312527308191393,0.9926195348368092,0.9960930672653857,8.918869582145756
0.1665,0.018395111312323083,1.0,8.921076109927887,0.9473779523457106,1.0303041696019124,0.9926003553841031,0.9963266292189541,8.921076109927887
0.167,0.018381222423434193,1.0,8.923216555723808,0.9478321141421601,1.0293556774736017,0.9925810248939815,0.9965529768002634,8.923216555723808
0.1675,0.018367333534545307,1.0,8.925290928233085,0.9482823587156483,1.0284072544002927,0.9925615434956343,0.9967721115897482,8.925290928233085
0.168,0.018353444645656417,1.0,8.927299236909176,0.9487287221462911,1.0274589003480714,0.9925419113174865,0.9969840351666988,8.927299236909176
0.1685,0.018339555756767528,1.0,8.92924145287971,0.9491712023216269,1.0265106153237005,0.9925221275329289,0.9971887491006352,8.92924145287971
0.169,0.018325666867878638,1.0,8.931117684405635,0.9496098743599374,1.0255623991919876,0.992502193238767,0.997386254990198,8.931117684405635
0.1695,0.01831177797898975,1.0,8.932927946567785,0.9500447733672558,1.024614251915531,0.9924821085374649,0.9975765544105551,8.932927946567785
0.17,0.018297889090100862,1.0,8.934672246363663,0.9504759290923148,1.0236661734661199,0.9924618733964387,0.9977596489338861,8.934672246363663
0.1705,0.018284000201211972,1.0,8.936350591537229,0.9509033712838465,1.0227181638155425,0.9924414877816397,0.9979355401314007,8.936350591537229
0.171,0.018270111312323083,1.0,8.937962990576661,0.9513271296905835,1.0217702229355876,0.9924209516576633,0.9981042295733392,8.937962990576661
0.1715,0.018256222423434193,1.0,8.939509452713,0.9517472340612582,1.0208223507980438,0.9924002649878588,0.9982657188289729,8.939509452713
0.17200000000000001,0.018242333534545307,1.0,8.940989987920172,0.9521637141446029,1.0198745473747,0.9923794277344362,0.9984200094666033,8.940989987920172
0.17250000000000001,0.018228444645656417,1.0,8.942404606912858,0.9525765996893499,1.0189268126373443,0.9923584398585766,0.9985671030535634,8.942404606912858
0.17300000000000001,0.018214555756767527,1.0,8.943753321146614,0.9529859204442319,1.0179791465577654,0.9923373013205393,0.9987070011562176,8.943753321146614
0.17350000000000002,0.018200666867878638,1.0,8.945036142815635,0.9533917061579812,1.0170315491077524,0.9923160120797703,0.9988397053399609,8.945036142815635
0.17400000000000002,0.01818677797898975,1.0,8.946253084853332,0.9537939865793301,1.0160840202590935,0.9922945720950097,0.9989652171692203,8.946253084853332
0.17450000000000002,0.018172889090100862,1.0,8.947404160929414,0.9541927914570111,1.0151365599835773,0.9922729813243998,0.9990835382074542,8.947404160929414
0.17500000000000002,0.018159000201211972,1.0,8.948489385450573,0.9545881505397565,1.0141891682529927,0.9922512397255929,0.999194670017153,8.948489385450573
0.17550000000000002,0.018145111312323083,1.0,8.94950877355871,0.9549800935762989,1.013241845039128,0.9922293472558581,0.9992986141598389,8.94950877355871
0.176,0.018131222423434196,1.0,8.950462341129917,0.9553686503153704,1.0122945903137723,0.992207303872189,0.999395372196066,8.950462341129917
0.1765,0.018117333534545307,1.0,8.951350104773836,0.9557538505057038,1.0113474040487136,0.9921851095314115,0.9994849456854209,8.951350104773836
0.177,0.018103444645656417,1.0,8.952172081831959,0.9561357238960312,1.0104002862157409,0.9921627641902899,0.9995673361865227,8.952172081831959
0.1775,0.018089555756767527,1.0,8.952928290377452,0.9565143002350851,1.0094532367866427,0.9921402678056349,0.9996425452570227,8.952928290377452
0.178,0.01807566686787864,1.0,8.953618749214014,0.9568896092715978,1.0085062557332076,0.9921176203344102,0.9997105744536051,8.953618749214014
0.1785,0.01806177797898975,1.0,8.954243477873993,0.957261680754302,1.0075593430272243,0.9920948217338398,0.999771425331987,8.954243477873993
0.179,0.018047889090100862,1.0,8.954802496618516,0.9576305444319299,1.0066124986404814,0.9920718719615148,0.9998250994469186,8.954802496618516
0.1795,0.018034000201211972,1.0,8.955296785732118,0.9579961859314652,1.0056657215477345,0.9920487697783599,0.9998715983973742,8.955296785732118
0.18,0.018020111312323082,1.0,8.955726345056506,0.9583586645558742,1.0047190117435765,0.99202551591545,0.999910923712656,8.955726345056506
0.1805,0.018006222423434196,1.0,8.956090054149184,0.9587180335337049,1.0037723703876338,0.9920021109920183,0.999943076886634,8.956090054149184
0.181,0.017992333534545307,1.0,8.956387181813302,0.9590743166864768,1.0028257982356508,0.991978554839966,0.9999680594573256,8.956387181813302
0.1815,0.017978444645656417,1.0,8.956616997542119,0.9594275378357098,1.0018792960433718,0.9919548472908338,0.9999858729855254,8.956616997542119
0.182,0.017964555756767527,1.0,8.956778771544831,0.9597777208029232,1.0009328645665407,0.9919309881758829,0.999996519054802,8.956778771544831
0.1825,0.01795066686787864,1.0,8.956871774774388,0.9601248894096369,0.999986504560902,0.9919069773261758,0.9999999992714925,8.956871774774388
0.183,0.01793677797898975,1.0,8.956895278954233,0.9604690674773705,0.9990402167822,0.9918828145726574,0.9999963152646993,8.956895278954233
0.1835,0.01792288909010086,1.0,8.956848556608309,0.9608102788276435,0.9980940019861789,0.9918584997462367,0.9999854686862852,8.956848556608309
0.184,0.017909000201211972,1.0,8.956730881088045,0.9611485472819757,0.9971478609285829,0.9918340326778673,0.9999674612108692,8.956730881088045
0.1845,0.017895111312323082,1.0,8.956541526601246,0.9614838966618867,0.9962017943651563,0.99180941319863,0.9999422945358217,8.956541526601246
0.185,0.017881222423434196,1.0,8.956279768241616,0.9618163507888962,0.9952558030516434,0.9917846411398133,0.9999099703812608,8.956279768241616
0.1855,0.017867333534545306,1.0,8.955944882016517,0.9621459334845236,0.9943098877437885,0.991759716332996,0.9998704904900468,8.955944882016517
0.186,0.017853444645656417,1.0,8.955536144878682,0.9624726685702889,0.9933640491973356,0.9917346386101289,0.9998238566277785,8.955536144878682
0.1865,0.017839555756767527,1.0,8.955052834754218,0.9627965798677115,0.9924182881680292,0.991709407803617,0.9997700705827878,8.955052834754218
0.187,0.01782566686787864,1.0,8.954494230574001,0.963117691198311,0.9914726054116135,0.9916840237464019,0.9997091341661358,8.954494230574001
0.1875,0.01781177797898975,1.0,8.953859612302848,0.9634360263836073,0.9905270016838327,0.991658486272044,0.9996410492116076,8.953859612302848
0.188,0.01779788909010086,1.0,8.953148260971036,0.9637516092451198,0.9895814777404311,0.9916327952148055,0.9995658175757075,8.953148260971036
0.1885,0.017784000201211972,1.0,8.952359458705885,0.9640644636043684,0.988636034337153,0.9916069504097337,0.9994834411376545,8.952359458705885
0.189,0.017770111312323082,1.0,8.95149248876171,0.9643746132828724,0.9876906722297425,0.9915809516927432,0.9993939217993775,8.95149248876171
0.1895,0.017756222423434196,1.0,8.95054663555245,0.9646820821021517,0.9867453921739441,0.9915547989007,0.9992972614855098,8.95054663555245
0.19,0.017742333534545306,1.0,8.949521184682782,0.9649868938837258,0.9858001949255019,0.9915284918715047,0.999193462143385,8.949521184682782
0.1905,0.017728444645656417,1.0,8.948415422981327,0.9652890724491145,0.9848550812401601,0.9915020304441767,0.9990825257430314,8.948415422981327
0.191,0.017714555756767527,1.0,8.947228638532364,0.9655886416198374,0.983910051873663,0.9914754144589378,0.9989644542771672,8.947228638532364
0.1915,0.01770066686787864,1.0,8.945960120708836,0.9658856252174141,0.9829651075817549,0.9914486437572968,0.9988392497611953,8.945960120708836
0.192,0.01768677797898975,1.0,8.944609160205216,0.9661800470633641,0.9820202491201802,0.9914217181821335,0.9987069142331985,8.944609160205216
0.1925,0.01767288909010086,1.0,8.943175049071444,0.9664719309792072,0.9810754772446828,0.9913946375777846,0.998567449753934,8.943175049071444
0.193,0.017659000201211972,1.0,8.941657080746037,0.9667613007864632,0.9801307927110072,0.9913674017901272,0.9984208584068281,8.941657080746037
0.1935,0.017645111312323082,1.0,8.940056696401967,0.9670481455505985,0.9791861940422535,0.9913400095951268,0.9982671419262131,8.940056696401967
0.194,0.017631222423434196,1.0,8.938377145351534,0.9673325087000184,0.9782416778811494,0.9913124612359282,0.9981063016742894,8.938377145351534
0.1945,0.017617333534545306,1.0,8.93661813379191,0.9676144323642981,0.9772972445566305,0.9912847570644372,0.9979383395811142,8.93661813379191
0.195,0.017603444645656417,1.0,8.934779651259923,0.9678939352298639,0.9763528941040427,0.9912568967572494,0.9977632575309815,8.934779651259923
0.1955,0.017589555756767527,1.0,8.932861688371101,0.9681710359831419,0.9754086265587321,0.9912288799908647,0.9975810574090884,8.932861688371101
0.196,0.01757566686787864,1.0,8.930864236821181,0.9684457533105584,0.9744644419560442,0.9912007064417439,0.9973917411015351,8.930864236821181
0.1965,0.01756177797898975,1.0,8.928787289386953,0.9687181058985396,0.9735203403313252,0.9911723757863615,0.9971953104953246,8.928787289386953
0.197,0.01754788909010086,1.0,8.926630839928785,0.9689881124335116,0.9725763217199207,0.9911438877012636,0.9969917674783628,8.926630839928785
0.1975,0.01753400020121197,1.0,8.924394883391694,0.9692557916019007,0.9716323861571767,0.9911152418631212,0.9967811139394579,8.924394883391694
0.198,0.017520111312323082,1.0,8.922079415806744,0.9695211620901332,0.9706885336784392,0.9910864379487874,0.99656335176832,8.922079415806744
0.1985,0.017506222423434196,1.0,8.919684434292908,0.9697842425846351,0.9697447643190538,0.9910574756353531,0.9963384828555616,8.919684434292908
0.199,0.017492333534545306,1.0,8.9172099370579,0.9700450517718329,0.9688010781143663,0.9910283546002032,0.9961065090926965,8.9172099370579
0.1995,0.017478444645656416,1.0,8.914655923400383,0.9703036083381525,0.9678574750997229,0.9909990745210746,0.9958674323721403,8.914655923400383
0.2,0.017464555756767527,1.0,8.91202239371137,0.9705599309700205,0.9669139553104692,0.990969635076111,0.9956212545872095,8.91202239371137
0.2005,0.01745066686787864,1.0,8.909309349475736,0.9708140383538628,0.9659705187819512,0.9909400359439225,0.9953679776321218,8.909309349475736
0.201,0.01743677797898975,1.0,8.906516793273077,0.9710659491761058,0.9650271655495146,0.9909102768036412,0.9951076034019958,8.906516793273077
0.2015,0.01742288909010086,1.0,8.903644728780236,0.9713156821231755,0.9640838956485055,0.9908803573349808,0.9948401337928502,8.903644728780236
0.202,0.01740900020121197,1.0,8.900693160772493,0.9715632558814984,0.9631407091142695,0.9908502772182937,0.9945655707016045,8.900693160772493
0.2025,0.017395111312323082,1.0,8.897662095124515,0.9718086891375004,0.9621976059821526,0.9908200361346294,0.9942839160260777,8.897662095124515
0.203,0.017381222423434196,1.0,8.894551538813133,0.9720520005776081,0.9612545862875007,0.9907896337657943,0.9939951716649891,8.894551538813133
0.20350000000000001,0.017367333534545306,1.0,8.891361499916819,0.9722932088882473,0.9603116500656596,0.9907590697944098,0.9936993395179573,8.891361499916819
0.20400000000000001,0.017353444645656416,1.0,8.888091987619482,0.9725323327558446,0.9593687973519751,0.9907283439039726,0.9933964214855006,8.888091987619482
0.20450000000000002,0.017339555756767527,1.0,8.884743012210748,0.972769390866826,0.9584260281817931,0.9906974557789137,0.9930864194690358,8.884743012210748
0.20500000000000002,0.01732566686787864,1.0,8.881314585087596,0.9730044019076177,0.9574833425904596,0.9906664051046585,0.9927693353708791,8.881314585087596
0.20550000000000002,0.01731177797898975,1.0,8.877806718755881,0.973237384564646,0.9565407406133203,0.9906351915676882,0.9924451710942451,8.877806718755881
0.20600000000000002,0.01729788909010086,1.0,8.874219426832095,0.9734683575243371,0.9555982222857211,0.9906038148555996,0.9921139285432471,8.874219426832095
0.20650000000000002,0.01728400020121197,1.0,8.870552724044893,0.9736973394731172,0.9546557876430078,0.9905722746571661,0.991775609622896,8.870552724044893
0.20700000000000002,0.017270111312323082,1.0,8.866806626236505,0.9739243490974125,0.9537134367205264,0.9905405706623998,0.9914302162391012,8.866806626236505
0.20750000000000002,0.017256222423434196,1.0,8.86298108512506,0.9741493782008399,0.9527711696217807,0.9905087017351635,0.9910777503244216,8.86298108512506
0.20800000000000002,0.017242333534545306,1.0,8.859076293405154,0.9743724600469019,0.9518289861996879,0.9904766680044618,0.9907182137178006,8.859076293405154
0.2085,0.017228444645656416,1.0,8.855092342361806,0.9745936281424554,0.9508868864141665,0.9904444696181798,0.9903516082956201,8.855092342361806
0.209,0.01721455575676753,1.0,8.851029245344888,0.9748128971457815,0.9499448703077095,0.9904121061472158,0.9899779359659518,8.851029245344888
0.2095,0.01720066686787864,1.0,8.8468870168263,0.9750302817151608,0.9490029379228099,0.990379577162456,0.9895971986379809,8.8468870168263
0.21,0.01718677797898975,1.0,8.842665672403154,0.9752457965088743,0.9480610893019609,0.9903468822348139,0.9892093982220045,8.842665672403154
0.2105,0.01717288909010086,1.0,8.8383652287986,0.9754594561852027,0.9471193244876557,0.9903140209352738,0.9888145366294326,8.8383652287986
0.211,0.01715900020121197,1.0,8.83398570386423,0.9756712754024269,0.9461776435223873,0.9902809928349323,0.9884126157727872,8.83398570386423
0.2115,0.017145111312323085,1.0,8.82952711658158,0.9758812688188278,0.9452360464486489,0.990247797505041,0.9880036375657019,8.82952711658158
0.212,0.017131222423434195,1.0,8.824989487063752,0.9760894510926861,0.9442945333089336,0.9902144345170498,0.987587603922922,8.824989487063752
0.2125,0.017117333534545306,1.0,8.820372836558148,0.9762958368822826,0.9433531041457346,0.9901809034426491,0.987164516760304,8.820372836558148
0.213,0.017103444645656416,1.0,8.81567718744731,0.9765004408458984,0.942411759001545,0.9901472038538146,0.9867343779948154,8.81567718744731
0.2135,0.01708955575676753,1.0,8.810902563251888,0.976703277641814,0.9414704979188577,0.9901133353228494,0.9862971895445343,8.810902563251888
0.214,0.01707566686787864,1.0,8.80604898863079,0.9769043619283104,0.9405293209401661,0.9900792974224298,0.9858529533286489,8.80604898863079
0.2145,0.01706177797898975,1.0,8.801116489384619,0.9771037083636684,0.9395882281079632,0.9900450897256489,0.985401671267458,8.801116489384619
0.215,0.01704788909010086,1.0,8.79610509245717,0.9773013316061689,0.9386472194647422,0.9900107118060607,0.9849433452823699,8.79610509245717
0.2155,0.01703400020121197,1.0,8.791014825936832,0.9774972463140926,0.9377062950529961,0.9899761632377265,0.9844779772959025,8.791014825936832
0.216,0.017020111312323085,1.0,8.785845719058559,0.9776914671457205,0.9367654549152181,0.9899414435952593,0.9840055692316827,8.785845719058559
0.2165,0.017006222423434195,1.0,8.780597802205811,0.9778840087593332,0.9358246990939013,0.9899065524538695,0.9835261230144468,8.780597802205811
0.217,0.016992333534545306,1.0,8.775271106912662,0.9780748858132118,0.9348840276315388,0.9898714893894114,0.9830396405700392,8.775271106912662
0.2175,0.016978444645656416,1.0,8.76986566586506,0.978264112965637,0.9339434405706238,0.9898362539784294,0.9825461238254132,8.76986566586506
0.218,0.01696455575676753,1.0,8.764381512903595,0.9784517048748895,0.9330029379536494,0.9898008457982042,0.9820455747086299,8.764381512903595
0.2185,0.01695066686787864,1.0,8.758818683023891,0.9786376761992504,0.9320625198231087,0.9897652644268002,0.981537995148858,8.758818683023891
0.219,0.01693677797898975,1.0,8.75317721238037,0.9788220415970003,0.9311221862214948,0.9897295094431133,0.9810233870763743,8.75317721238037
0.2195,0.01692288909010086,1.0,8.747457138286313,0.9790048157264201,0.9301819371913008,0.9896935804269178,0.9805017524225621,8.747457138286313
0.22,0.01690900020121197,1.0,8.74165849921694,0.9791860132457907,0.92924177277502,0.989657476958914,0.9799730931199123,8.74165849921694
0.2205,0.016895111312323085,1.0,8.735781334811065,0.9793656488133928,0.9283016930151452,0.9896211986207781,0.9794374111020221,8.735781334811065
0.221,0.016881222423434195,1.0,8.729825685871699,0.9795437370875074,0.9273616979541698,0.9895847449952098,0.9788947083035949,8.729825685871699
0.2215,0.016867333534545306,1.0,8.723791450325919,0.9797202719379388,0.9264217877862705,0.9895481149705507,0.9783449867497256,8.723791450325919
0.222,0.016853444645656416,1.0,8.717678722456466,0.9798952788265208,0.9254819625002257,0.9895113084885503,0.9777882483487289,8.717678722456466
0.2225,0.01683955575676753,1.0,8.711487616486558,0.9800687843979069,0.9245422220649624,0.9894743255361915,0.9772244949964262,8.711487616486558
0.223,0.01682566686787864,1.0,8.705218147696677,0.9802408001505609,0.9236025665548415,0.989437165595046,0.9766537286519703,8.705218147696677
0.2235,0.01681177797898975,1.0,8.698870332587695,0.9804113375829466,0.9226629960442235,0.9893998281465535,0.9760759512765769,8.698870332587695
0.224,0.01679788909010086,1.0,8.692444188882341,0.980580408193528,0.9217235106074694,0.9893623126720524,0.9754911648335242,8.692444188882341
0.2245,0.01678400020121197,1.0,8.685939735529365,0.9807480234807688,0.9207841103189397,0.989324618652815,0.9748993712881523,8.685939735529365
0.225,0.016770111312323085,1.0,8.67935699270692,0.980914194943133,0.9198447952529951,0.98928674557008,0.9743005726078628,8.67935699270692
0.2255,0.016756222423434195,1.0,8.672695981824502,0.9810789340790846,0.9189055654839966,0.989248692905087,0.9736947707621185,8.672695981824502
0.226,0.016742333534545305,1.0,8.66595672552823,0.9812422523870874,0.9179664210863047,0.9892104601391097,0.973081967722442,8.66595672552823
0.2265,0.016728444645656416,1.0,8.659139247702683,0.9814041613656052,0.9170273621342802,0.9891720467534919,0.9724621654624165,8.659139247702683
0.227,0.01671455575676753,1.0,8.65224357347506,0.9815646725131018,0.9160883887022837,0.9891334522296805,0.9718353659576839,8.65224357347506
0.2275,0.01670066686787864,1.0,8.645269729217143,0.9817237973280413,0.9151495008646761,0.9890946760492615,0.9712015711859455,8.645269729217143
0.228,0.01668677797898975,1.0,8.63821774255025,0.9818815473088874,0.9142106986958181,0.9890557176939955,0.9705607831269611,8.63821774255025
0.2285,0.01667288909010086,1.0,8.63108764234741,0.9820379339541042,0.9132719822700703,0.9890165766458525,0.9699130037625481,8.63108764234741
0.229,0.01665900020121197,1.0,8.62387945873711,0.9821929687621554,0.9123333516617936,0.9889772523870485,0.969258235076581,8.62387945873711
0.2295,0.016645111312323085,1.0,8.616593223106698,0.982346663231505,0.9113948069453487,0.9889377444000813,0.9685964790549919,8.616593223106698
0.23,0.016631222423434195,1.0,8.609228968104793,0.9824990288606167,0.9104563481950962,0.9888980521677675,0.9679277376857687,8.609228968104793
0.2305,0.016617333534545305,1.0,8.601786727645807,0.9826500771479546,0.909517975485397,0.9888581751732786,0.9672520129589551,8.601786727645807
0.231,0.016603444645656416,1.0,8.594266536912711,0.9827998195919824,0.9085796888906117,0.9888181129001786,0.9665693068666507,8.594266536912711
0.2315,0.01658955575676753,1.0,8.586668432360316,0.9829482676911641,0.9076414884851011,0.9887778648324622,0.9658796214030091,8.586668432360316
0.232,0.01657566686787864,1.0,8.578992451718056,0.9830954329439635,0.9067033743432258,0.9887374304545906,0.965182958564239,8.578992451718056
0.2325,0.01656177797898975,1.0,8.571238633994506,0.9832413268488446,0.9057653465393466,0.9886968092515313,0.9644793203486023,8.571238633994506
0.233,0.01654788909010086,1.0,8.563407019479598,0.9833859609042711,0.9048274051478243,0.9886560007087958,0.9637687087564145,8.563407019479598
0.2335,0.01653400020121197,1.0,8.555497649748933,0.9835293466087071,0.9038895502430195,0.9886150043124783,0.9630511257900437,8.555497649748933
0.234,0.016520111312323085,1.0,8.547510567666112,0.9836714954606162,0.9029517818992931,0.9885738195492951,0.9623265734539106,8.547510567666112
0.23450000000000001,0.016506222423434195,1.0,8.539445817386277,0.9838124189584626,0.9020141001910057,0.988532445906623,0.961595053754487,8.539445817386277
0.23500000000000001,0.016492333534545305,1.0,8.531303444360107,0.9839521286007099,0.901076505192518,0.9884908828725399,0.9608565687002963,8.531303444360107
0.23550000000000001,0.016478444645656416,1.0,8.523083206307671,0.9840906040931177,0.9001389972861124,0.988449128770867,0.9601111205479077,8.523083206307671
0.23600000000000002,0.01646455575676753,1.0,8.51478528940033,0.984227873890135,0.8992015763993788,0.988407183703504,0.9593587111985189,8.51478528940033
0.23650000000000002,0.01645066686787864,1.0,8.506409920490329,0.9843639707510174,0.8982642424176365,0.9883650479404822,0.9585993425165702,8.506409920490329
0.23700000000000002,0.01643677797898975,1.0,8.497957111155499,0.984498903354334,0.8973269954569141,0.9883227208718001,0.9578330165523818,8.497957111155499
0.23750000000000002,0.01642288909010086,1.0,8.489426874362897,0.9846326803786537,0.8963898356332408,0.9882802018869484,0.9570597353595726,8.489426874362897
0.23800000000000002,0.01640900020121197,1.0,8.480819224474264,0.9847653105025457,0.8954527630626455,0.988237490374935,0.9562795009950587,8.480819224474264
0.23850000000000002,0.016395111312323084,1.0,8.472134177251581,0.9848968024045789,0.8945157778611571,0.9881945857243103,0.955492315519053,8.472134177251581
0.23900000000000002,0.016381222423434195,1.0,8.463371749860864,0.9850271647633223,0.8935788801448047,0.9881514873231921,0.9546981809950646,8.463371749860864
0.23950000000000002,0.016367333534545305,1.0,8.454531960879846,0.9851564062573451,0.892642070029617,0.9881081945592923,0.9538970994898974,8.454531960879846
0.24,0.01635344464565642,1.0,8.44561483030145,0.9852845355652163,0.8917053476316233,0.9880647068199413,0.9530890730736498,8.44561483030145
0.2405,0.01633955575676753,1.0,8.436620379538947,0.985411561365505,0.8907687130668522,0.9880210234921152,0.9522741038197133,8.436620379538947
0.241,0.01632566686787864,1.0,8.427548631432428,0.98553749233678,0.889832166451333,0.9879771439624618,0.9514521938047729,8.427548631432428
0.2415,0.01631177797898975,1.0,8.418399610253184,0.9856623371576105,0.8888957079010944,0.9879330676173275,0.9506233451088042,8.418399610253184
0.242,0.01629788909010086,1.0,8.409173341709336,0.9857861045065656,0.8879593375321654,0.987888793842783,0.949787559815075,8.409173341709336
0.2425,0.016284000201211974,1.0,8.399869852950877,0.9859088030622142,0.887023055460575,0.9878443220246524,0.9489448400101428,8.399869852950877
0.243,0.016270111312323084,1.0,8.390489172574647,0.9860304415031255,0.8860868618023523,0.9877996515485395,0.9480951877838545,8.390489172574647
0.2435,0.016256222423434195,1.0,8.38103133063095,0.9861510285078683,0.885150756673526,0.9877547817998553,0.9472386052293456,8.38103133063095
0.244,0.016242333534545305,1.0,8.371496358627535,0.9862705727550117,0.8842147401901252,0.9877097121638456,0.9463750944430392,8.371496358627535
0.2445,0.01622844464565642,1.0,8.361884289535354,0.986389082923125,0.8832788124681789,0.9876644420256214,0.9455046575246457,8.361884289535354
0.245,0.01621455575676753,1.0,8.35219515779355,0.9865065676907769,0.8823429736237159,0.9876189707701841,0.9446272965771616,8.35219515779355
0.2455,0.01620066686787864,1.0,8.342428999315771,0.9866230357365368,0.8814072237727653,0.9875732977824571,0.9437430137068681,8.342428999315771
0.246,0.01618677797898975,1.0,8.332585851494299,0.9867384957389733,0.880471563031356,0.9875274224473128,0.9428518110233316,8.332585851494299
0.2465,0.01617288909010086,1.0,8.322665753206374,0.9868529563766557,0.8795359915155169,0.987481344149603,0.9419536906394015,8.322665753206374
0.247,0.016159000201211974,1.0,8.312668744818884,0.9869664263281531,0.8786005093412771,0.9874350622741882,0.9410486546712106,8.312668744818884
0.2475,0.016145111312323084,1.0,8.302594868193726,0.9870789142720343,0.8776651166246654,0.9873885762059675,0.9401367052381732,8.302594868193726
0.248,0.016131222423434195,1.0,8.292444166693596,0.9871904288868686,0.876729813481711,0.9873418853299077,0.939217844462985,8.292444166693596
0.2485,0.016117333534545305,1.0,8.282216685187363,0.9873009788512248,0.8757946000284426,0.9872949890310755,0.9382920744716218,8.282216685187363
0.249,0.01610344464565642,1.0,8.271912470055117,0.9874105728436722,0.8748594763808892,0.9872478866946663,0.9373593973933392,8.271912470055117
0.2495,0.01608955575676753,1.0,8.261531569193108,0.9875192195427795,0.8739244426550798,0.9872005777060363,0.936419815360671,8.261531569193108
0.25,0.01607566686787864,1.0,8.251074032020346,0.9876269276271161,0.8729894989670435,0.9871530614507333,0.9354733305094294,8.251074032020346
0.2505,0.01606177797898975,1.0,8.240539909483225,0.9877337057752508,0.872054645432809,0.9871053373145281,0.934519944978703,8.240539909483225
0.251,0.01604788909010086,1.0,8.22992925406071,0.9878395626657527,0.8711198821684054,0.9870574046834463,0.9335596609108572,8.22992925406071
0.2515,0.016034000201211974,1.0,8.219242119770621,0.9879445069771907,0.8701852092898618,0.9870092629438004,0.932592480451532,8.219242119770621
0.252,0.016020111312323084,1.0,8.208478562173854,0.9880485473881342,0.8692506269132068,0.9869609114822221,0.9316184057496422,8.208478562173854
0.2525,0.016006222423434194,1.0,8.197638638380884,0.9881516925771519,0.8683161351544696,0.9869123496856951,0.9306374389573764,8.197638638380884
0.253,0.015992333534545305,1.0,8.186722407056555,0.9882539512228129,0.8673817341296792,0.9868635769415871,0.9296495822301957,8.186722407056555
0.2535,0.01597844464565642,1.0,8.175729281858471,0.9883552946865377,0.8664474246581759,0.9868145911056774,0.9286548384782656,8.175729281858471
0.254,0.01596455575676753,1.0,8.16465993335134,0.9884557709588783,0.865513206194768,0.9867653931740074,0.927653209167956,8.16465993335134
0.2545,0.01595066686787864,1.0,8.153514404500312,0.988555388323015,0.8645790788777983,0.9867159825206667,0.9266446964896576,8.153514404500312
0.255,0.01593677797898975,1.0,8.14229270838619,0.9886541531510912,0.8636450428799639,0.9866663584406534,0.9256293026751725,8.14229270838619
0.2555,0.01592288909010086,1.0,8.130994859818003,0.9887520718152496,0.8627110983739618,0.986616520228165,0.924607029961264,8.130994859818003
0.256,0.015909000201211974,1.0,8.119620875341154,0.9888491506876335,0.861777245532489,0.9865664671766163,0.9235778805896567,8.119620875341154
0.2565,0.015895111312323084,1.0,8.108170773244316,0.9889453961403858,0.8608434845282429,0.9865161985786621,0.9225418568070345,8.108170773244316
0.257,0.015881222423434194,1.0,8.096644573569984,0.9890408145456494,0.8599098155339202,0.9864657137262145,0.9214989608650389,8.096644573569984
0.2575,0.015867333534545305,1.0,8.085042298120852,0.9891354122755674,0.8589762387222182,0.9864150119104664,0.9204491950202688,8.085042298120852
0.258,0.01585344464565642,1.0,8.073363970468678,0.989229195702283,0.8580427542658339,0.986364092421909,0.9193925615342783,8.073363970468678
0.2585,0.01583955575676753,1.0,8.061609615961983,0.9893221711979389,0.8571093623374644,0.9863129545503557,0.9183290626735758,8.061609615961983
0.259,0.01582566686787864,1.0,8.049779261735159,0.9894143451346782,0.8561760631098068,0.9862615975849606,0.9172587007096229,8.049779261735159
0.2595,0.01581177797898975,1.0,8.037872936716205,0.9895057238846441,0.8552428567555582,0.9862100208142415,0.9161814779188326,8.037872936716205
0.26,0.01579788909010086,1.0,8.025890671635333,0.9895963138199794,0.8543097434474156,0.9861582235261009,0.9150973965825686,8.025890671635333
0.2605,0.015784000201211974,1.0,8.013832499033034,0.9896861213128272,0.8533767233580761,0.9861062050078476,0.9140064589871435,8.013832499033034
0.261,0.015770111312323084,1.0,8.001698453267448,0.9897751527353306,0.852443796660237,0.9860539645462191,0.912908667423818,8.001698453267448
0.2615,0.015756222423434194,1.0,7.98948857052493,0.9898634144596324,0.851510963526595,0.986001501427403,0.9118040241887992,7.98948857052493
0.262,0.015742333534545305,1.0,7.977202888826579,0.9899509128578758,0.8505782241298474,0.985948814937061,0.9106925315832395,7.977202888826579
0.2625,0.01572844464565642,1.0,7.964841448037231,0.9900376543022038,0.8496455786426913,0.9858959043603495,0.9095741919132355,7.964841448037231
0.263,0.01571455575676753,1.0,7.952404289873203,0.9901236451647594,0.8487130272378238,0.985842768981944,0.9084490074898263,7.952404289873203
0.2635,0.01570066686787864,1.0,7.939891457912069,0.9902088918176855,0.8477805700879418,0.9857894080860624,0.907316980628992,7.939891457912069
0.264,0.01568677797898975,1.0,7.927302997599564,0.9902934006331252,0.8468482073657425,0.9857358209564868,0.9061781136516536,7.927302997599564
0.2645,0.01567288909010086,1.0,7.914638956258971,0.9903771779832216,0.845915939243923,0.9856820068765889,0.9050324088836703,7.914638956258971
0.265,0.015659000201211973,1.0,7.90189938309935,0.9904602302401175,0.8449837658951804,0.985627965129352,0.9038798686558391,7.90189938309935
0.2655,0.015645111312323084,1.0,7.889084329223226,0.9905425637759562,0.8440516874922117,0.9855736949973973,0.9027204953038928,7.889084329223226
0.266,0.015631222423434194,1.0,7.876193847636357,0.9906241849628805,0.8431197042077141,0.9855191957630061,0.9015542911684995,7.876193847636357
0.2665,0.015617333534545304,1.0,7.863227993255455,0.9907051001730335,0.8421878162143845,0.9854644667081451,0.9003812585952605,7.863227993255455
0.267,0.015603444645656417,1.0,7.850186822916795,0.9907853157785581,0.8412560236849201,0.9854095071144919,0.8992013999347095,7.850186822916795
0.2675,0.015589555756767529,1.0,7.837070395384411,0.9908648381515974,0.840324326792018,0.9853543162634592,0.8980147175423109,7.837070395384411
0.268,0.015575666867878639,1.0,7.823878771359156,0.9909436736642945,0.8393927257083752,0.9852988934362199,0.8968212137784591,7.823878771359156
0.2685,0.01556177797898975,1.0,7.810612013487032,0.9910218286887923,0.8384612206066888,0.985243237913733,0.8956208910084765,7.810612013487032
0.269,0.015547889090100861,1.0,7.7972701863679665,0.9910993095972339,0.837529811659656,0.9851873489767697,0.8944137516026126,7.7972701863679665
0.2695,0.015534000201211973,1.0,7.783853356563955,0.9911761227617623,0.8365984990399737,0.9851312259059384,0.8931997979360422,7.783853356563955
0.27,0.015520111312323084,1.0,7.77036159260766,0.9912522745545204,0.8356672829203391,0.9850748679817118,0.8919790323888646,7.77036159260766
0.2705,0.015506222423434194,1.0,7.756794965011544,0.9913277713476513,0.8347361634734493,0.9850182744844529,0.8907514573461021,7.756794965011544
0.271,0.015492333534545304,1.0,7.743153262734835,0.9914026100499344,0.8338051411889246,0.9849614442625707,0.8895170756190668,7.743153262734835
0.2715,0.015478444645656416,1.0,7.729436248995582,0.9914767883913024,0.8328742165885411,0.9849043761996041,0.8882758900764245,7.729436248995582
0.272,0.015464555756767528,1.0,7.715644570314059,0.9915503331041677,0.8319433892085237,0.9848470705056142,0.887027902277129,7.715644570314059
0.2725,0.015450666867878639,1.0,7.701778238045278,0.9916232488672059,0.8310126592969359,0.9847895263850441,0.8857731147284261,7.701778238045278
0.273,0.015436777978989749,1.0,7.68783726581158,0.991695540359092,0.8300820271018413,0.9847317430412481,0.8845115299447225,7.68783726581158
0.2735,0.015422889090100861,1.0,7.673821669515259,0.9917672122585014,0.8291514928713032,0.9846737196765059,0.8832431504475825,7.673821669515259
0.274,0.015409000201211973,1.0,7.659731467350478,0.9918382692441096,0.8282210568533852,0.9846154554920393,0.8819679787657283,7.659731467350478
0.2745,0.015395111312323084,1.0,7.645566679816473,0.9919087159945915,0.8272907192961507,0.9845569496880309,0.8806860174350359,7.645566679816473
0.275,0.015381222423434194,1.0,7.631327329729947,0.9919785571886227,0.8263604804476632,0.9844982014636381,0.8793972689985345,7.631327329729947
0.2755,0.015367333534545304,1.0,7.617013442237716,0.9920477975048784,0.8254303405559861,0.9844392100170126,0.878101736006404,7.617013442237716
0.276,0.015353444645656416,1.0,7.602625044829486,0.9921164416220339,0.8245002998691829,0.9843799745453161,0.8767994210159732,7.602625044829486
0.2765,0.015339555756767528,1.0,7.588162167350237,0.9921844942187645,0.8235703586353172,0.9843204942447392,0.8754903265917177,7.588162167350237
0.277,0.015325666867878639,1.0,7.573624842013174,0.9922519599737457,0.8226405171024523,0.9842607683105173,0.874174455305258,7.573624842013174
0.2775,0.015311777978989749,1.0,7.559013103412698,0.9923188435656525,0.8217107755186518,0.9842007959369503,0.8728518097353577,7.559013103412698
0.278,0.015297889090100861,1.0,7.544326988537,0.9923851496731603,0.8207811341319791,0.9841405763174188,0.8715223924679213,7.544326988537
0.2785,0.015284000201211973,1.0,7.529566536780468,0.9924508829749444,0.8198515931904977,0.984080108644404,0.8701862060959923,7.529566536780468
0.279,0.015270111312323083,1.0,7.514731789957502,0.9925160481496802,0.818922152942271,0.984019392109505,0.8688432532197508,7.514731789957502
0.2795,0.015256222423434194,1.0,7.499822792314561,0.9925806498760429,0.8179928136353626,0.9839584259034583,0.8674935364465126,7.499822792314561
0.28,0.015242333534545304,1.0,7.484839590543509,0.9926446928327077,0.8170635755178358,0.9838972092161558,0.8661370583907257,7.484839590543509
0.2805,0.015228444645656416,1.0,7.469782233794579,0.9927081816983502,0.8161344388377543,0.9838357412366647,0.8647738216739699,7.469782233794579
0.281,0.015214555756767528,1.0,7.4546507736890435,0.9927711211516453,0.8152054038431813,0.9837740211532456,0.8634038289249532,7.4546507736890435
0.28150000000000003,0.015200666867878639,1.0,7.439445264332553,0.9928335158712688,0.8142764707821805,0.9837120481533734,0.8620270827795109,7.439445264332553
0.28200000000000003,0.015186777978989749,1.0,7.4241657623279815,0.9928953705358955,0.8133476399028152,0.9836498214237555,0.8606435858806034,7.4241657623279815
0.28250000000000003,0.015172889090100861,1.0,7.408812326788819,0.992956689824201,0.812418911453149,0.9835873401503524,0.8592533408783138,7.408812326788819
0.28300000000000003,0.015159000201211971,1.0,7.393385019351879,0.9930174784148605,0.8114902856812455,0.9835246035183982,0.8578563504298462,7.393385019351879
0.28350000000000003,0.015145111312323083,1.0,7.377883904190958,0.9930777409865494,0.8105617628351678,0.9834616107124199,0.8564526171995231,7.377883904190958
0.28400000000000003,0.015131222423434194,1.0,7.362309048029304,0.993137482217943,0.8096333431629795,0.9833983609162582,0.8550421438587843,7.362309048029304
0.28450000000000003,0.015117333534545306,1.0,7.3466605201535415,0.9931967067877163,0.8087050269127443,0.9833348533130882,0.8536249330861845,7.3466605201535415
0.28500000000000003,0.015103444645656416,1.0,7.330938392426304,0.993255419374545,0.8077768143325255,0.9832710870854409,0.8522009875673904,7.330938392426304
0.28550000000000003,0.015089555756767528,1.0,7.315142739300219,0.993313624657104,0.8068487056703865,0.9832070614152227,0.85077030999518,7.315142739300219
0.28600000000000003,0.015075666867878638,1.0,7.299273637830517,0.9933713273140691,0.8059207011743909,0.9831427754837387,0.8493329030694396,7.299273637830517
0.28650000000000003,0.015061777978989749,1.0,7.283331167688657,0.9934285320241152,0.8049928010926021,0.9830782284717124,0.8478887694971622,7.283331167688657
0.28700000000000003,0.01504788909010086,1.0,7.267315411176024,0.9934852434659177,0.8040650056730836,0.9830134195593089,0.846437911992445,7.267315411176024
0.28750000000000003,0.015034000201211971,1.0,7.251226453236601,0.993541466318152,0.8031373151638989,0.9829483479261555,0.8449803332764877,7.251226453236601
0.28800000000000003,0.015020111312323083,1.0,7.235064381471235,0.9935972052594932,0.8022097298131113,0.9828830127513649,0.8435160360775903,7.235064381471235
0.2885,0.015006222423434195,1.0,7.218829286150171,0.9936524649686168,0.8012822498687847,0.9828174132135569,0.8420450231311516,7.218829286150171
0.289,0.014992333534545307,1.0,7.202521133968121,0.9937072491020844,0.8003548757253072,0.9827515484459696,0.8405672974133698,7.202521133968121
0.2895,0.014978444645656418,1.0,7.186139810773066,0.9937615607338051,0.7994276078746646,0.9826854175560926,0.8390828620684828,7.186139810773066
0.29,0.014964555756767528,1.0,7.169685377611776,0.9938154039128891,0.7985004466096097,0.9826190196886547,0.837591719933893,7.169685377611776
0.2905,0.01495066686787864,1.0,7.153157886243976,0.9938687825299567,0.7975733922370847,0.9825523539798292,0.8360938738783953,7.153157886243976
0.291,0.01493677797898975,1.0,7.136557391415983,0.9939217004756277,0.7966464450640318,0.9824854195648192,0.8345893267796167,7.136557391415983
0.2915,0.014922889090100862,1.0,7.119883950879114,0.993974161640522,0.7957196053973936,0.9824182155778753,0.8330780815240137,7.119883950879114
0.292,0.014909000201211973,1.0,7.103137625405288,0.9940261699152595,0.7947928735441123,0.982350741152314,0.8315601410068693,7.103137625405288
0.2925,0.014895111312323085,1.0,7.086318478805536,0.9940777291904602,0.7938662498111304,0.9822829954205361,0.8300355081322908,7.086318478805536
0.293,0.014881222423434195,1.0,7.069426577945702,0.9941288433567441,0.7929397345053901,0.982214977514044,0.8285041858132067,7.069426577945702
0.2935,0.014867333534545307,1.0,7.052461992765044,0.9941795163047311,0.7920133279338339,0.9821466865634617,0.8269661769713644,7.052461992765044
0.294,0.014853444645656418,1.0,7.035424796292239,0.9942297519250411,0.791087030403404,0.9820781216985531,0.825421484537327,7.035424796292239
0.2945,0.014839555756767528,1.0,7.018315060531734,0.9942795540806059,0.7901608422258934,0.9820092820470422,0.8238701114586144,7.018315060531734
0.295,0.01482566686787864,1.0,7.00113283126545,0.9943289264289481,0.7892347637476159,0.9819401667267765,0.8223120607499069,7.00113283126545
0.2955,0.01481177797898975,1.0,6.983878164120609,0.9943778726343072,0.7883087953071898,0.9818707748544327,0.820747335422827,6.983878164120609
0.296,0.014797889090100862,1.0,6.966551121951731,0.9944263963836507,0.7873829372385995,0.981801105546691,0.8191759384908588,6.966551121951731
0.2965,0.014784000201211973,1.0,6.949151771279773,0.9944745013874445,0.78645718987539,0.9817311579206455,0.8175978729763391,6.949151771279773
0.297,0.014770111312323085,1.0,6.931680168401952,0.9945221912028996,0.785531553567096,0.9816609310849064,0.8160131419386264,6.931680168401952
0.2975,0.014756222423434195,1.0,6.914136373013564,0.9945694693872271,0.7846060286632528,0.9815904241471205,0.8144217484471381,6.914136373013564
0.298,0.014742333534545307,1.0,6.896520448229978,0.9946163394976382,0.7836806155133953,0.9815196362139896,0.8128236955813459,6.896520448229978
0.2985,0.014728444645656417,1.0,6.878832460280988,0.9946628050885793,0.7827553144674426,0.9814485663911555,0.811218986431441,6.878832460280988
0.299,0.014714555756767528,1.0,6.861072471618568,0.9947088696508837,0.7818301258839102,0.9813772137802996,0.8096076241126782,6.861072471618568
0.2995,0.01470066686787864,0.0,6.842643809502588,0.9786428615866049,0.7809057596332099,0.9803225255939627,0.8079908553523967,6.842643809502588
0.3,0.01468677797898975,0.0,6.822545719321375,0.9594740757802491,0.7799834106531484,0.9789804365020113,0.8063708016487154,6.822545719321375
0.3005,0.014672889090100862,0.0,6.800984770985626,0.9406807714820924,0.779062841498895,0.9775490911214133,0.8047470879738305,6.800984770985626
0.301,0.014659000201211973,0.0,6.778165200367875,0.9222553801551024,0.7781438166495869,0.9760228194044506,0.8031193356367515,6.778165200367875
0.3015,0.014645111312323085,0.0,6.754167854283325,0.9041909190048679,0.777226247155804,0.9743956811068658,0.8014874201748523,6.754167854283325
0.302,0.014631222423434195,0.0,6.729073394085115,0.8864804052369774,0.7763100440681266,0.9726614012503023,0.7998512144607862,6.729073394085115
0.3025,0.014617333534545307,0.0,6.702962230800124,0.8691168560570195,0.7753951184371349,0.970813354428568,0.7982105887125255,6.702962230800124
0.303,0.014603444645656417,0.0,6.675895347772586,0.8520934602778482,0.7744814043252856,0.9688445710994742,0.7965654520196187,6.675895347772586
0.3035,0.014589555756767528,0.0,6.647906639890545,0.8354033325858357,0.7735688682212591,0.9667477013098649,0.794915770245594,6.647906639890545
0.304,0.01457566686787864,0.0,6.61899519094124,0.8190400672426252,0.7726575186804796,0.9645150719917953,0.793261584749934,6.61899519094124
0.3045,0.01456177797898975,0.0,6.589151623258356,0.8029973918275108,0.771747374848886,0.9621386446379377,0.7916029564465001,6.589151623258356
0.305,0.014547889090100862,0.0,6.558366925196276,0.7872690339197868,0.770838455872418,0.959609989117894,0.789939946772249,6.558366925196276
0.3055,0.014534000201211972,0.0,6.526629259055821,0.7718487951600381,0.769930784797858,0.9569202866045196,0.788272624865082,6.526629259055821
0.306,0.014520111312323085,0.0,6.493918037857173,0.7567305223516708,0.7690243958661779,0.9540603213888134,0.7866010811800636,6.493918037857173
0.3065,0.014506222423434195,0.0,6.460201287513677,0.741908259296836,0.7681193379045732,0.9510205080980099,0.784925434184746,6.460201287513677
0.307,0.014492333534545307,0.0,6.42543604173897,0.7273763647730294,0.7672156740670268,0.9477909282485233,0.7832458303997253,6.42543604173897
0.3075,0.014478444645656417,0.0,6.38958018293471,0.7131291975577467,0.7663134675075217,0.9443612795003996,0.7815624181265676,6.38958018293471
0.308,0.014464555756767528,0.0,6.352592488729007,0.6991611164284838,0.7654127813800408,0.9407208792592591,0.7798753474406058,6.352592488729007
0.3085,0.01445066686787864,0.0,6.314425327571976,0.685466677121183,0.7645136879396827,0.9368587275649715,0.7781847873289234,6.314425327571976
0.309,0.01443677797898975,0.0,6.275032661061318,0.672040311961066,0.7636162588122941,0.9327634405549948,0.7764909076084148,6.275032661061318
0.3095,0.014422889090100862,0.0,6.2343549012880475,0.6588769298694985,0.7627205839226577,0.9284234499984773,0.774793914823982,6.2343549012880475
0.31,0.014409000201211972,0.0,6.192333330412389,0.6459714573042497,0.7618267538601576,0.923826917943033,0.7730940192928403,6.192333330412389
0.3105,0.014395111312323084,0.0,6.148910723490439,0.6333188207230881,0.760934859214178,0.9189617619654634,0.7713914338442205,6.148910723490439
0.311,0.014381222423434195,0.0,6.104028347249804,0.620914054453931,0.7600449944637319,0.9138157351908428,0.7696863812723581,6.104028347249804
0.3115,0.014367333534545307,0.0,6.0576278184052486,0.6087521484428405,0.7591572558206336,0.9083764165552102,0.7679790903046092,6.0576278184052486
0.312,0.014353444645656417,0.0,6.009643496401617,0.5968284112463718,0.7582717510443283,0.9026314263507837,0.7662698146272993,6.009643496401617
0.3125,0.014339555756767527,0.0,5.960008594603896,0.5851382798764926,0.7573885920337718,0.8965684383194893,0.7645588188985777,5.960008594603896
0.313,0.01432566686787864,0.0,5.908658613015735,0.5736771913451715,0.7565078906879205,0.890175199349676,0.7628463708110172,5.908658613015735
0.3135,0.01431177797898975,0.0,5.855530720702739,0.5624406503708692,0.7556297598780586,0.8834396458419775,0.7611327429709788,5.855530720702739
0.314,0.014297889090100862,0.0,5.800561512907816,0.5514241982541876,0.7547543165549914,0.8763499834153567,0.7594182190063625,5.800561512907816
0.3145,0.014284000201211972,0.0,5.743688099383469,0.540623342901208,0.7538816806362463,0.8688947395389369,0.7577030914942453,5.743688099383469
0.315,0.014270111312323084,0.0,5.684846255154873,0.5300340319613035,0.7530119777114568,0.8610631978111398,0.7559876673839763,5.684846255154873
0.3155,0.014256222423434195,0.0,5.623975039772595,0.5196522130838475,0.7521453333702565,0.852845271196375,0.7542722569194348,5.623975039772595
0.316,0.014242333534545307,0.0,5.56101699177874,0.5094738339182131,0.7512818732022785,0.8442316230946558,0.75255717360893,5.56101699177874
0.3165,0.014228444645656417,0.0,5.495918331322479,0.4994948421137736,0.7504217227971562,0.8352137931174544,0.750842734193842,5.495918331322479
0.317,0.014214555756767529,0.0,5.428632307105059,0.4897113652761507,0.7495650035580157,0.8257844927148683,0.7491292502284133,5.428632307105059
0.3175,0.01420066686787864,0.0,5.359103558015575,0.4801193617400816,0.7487118538710349,0.815937455279509,0.7474170704602715,5.359103558015575
0.318,0.01418677797898975,0.0,5.2872956364025825,0.4707151828949505,0.7478623927475752,0.8056680940072776,0.7457065080360878,5.2872956364025825
0.3185,0.014172889090100862,0.0,5.213178902573417,0.46149525091139987,0.7470167359826417,0.7949734062052131,0.7439978725084944,5.213178902573417
0.319,0.014159000201211972,0.0,5.136728324715686,0.45245598796007197,0.7461749993712399,0.7838520501331607,0.7422914762232398,5.136728324715686
0.3195,0.014145111312323084,0.0,5.057923710054543,0.44359381621160926,0.7453372987083751,0.7723044751603906,0.7405876342834105,5.057923710054543
0.32,0.014131222423434195,0.0,4.97676066730617,0.43490527590937245,0.744503734837186,0.7603331881658066,0.7388866339514122,4.97676066730617
0.3205,0.014117333534545307,0.0,4.893221445934828,0.4263868104376573,0.7436744343593298,0.7479426325180755,0.7371888175959618,4.893221445934828
0.321,0.014103444645656417,0.0,4.807324045808933,0.4180351233881789,0.7428494814255097,0.7351397218663893,0.7354944431874828,4.807324045808933
0.3215,0.014089555756767529,0.0,4.719105593813836,0.4098470497912381,0.7420289399656118,0.721933825448758,0.7338037287389363,4.719105593813836
0.322,0.01407566686787864,0.0,4.6286078672082205,0.40181942467713605,0.7412128739095224,0.7083366735881392,0.732116893479325,4.6286078672082205
0.3225,0.01406177797898975,0.0,4.53587744044929,0.3939490830761736,0.7404013471871279,0.6943623879930825,0.7304341578309677,4.53587744044929
0.323,0.014047889090100862,0.0,4.440978907863473,0.38623293174506695,0.7395944044327499,0.6800275941083022,0.7287557031890632,4.440978907863473
0.3235,0.014034000201211972,0.0,4.343973055979968,0.3786678595176224,0.7387921027124,0.6653512809006745,0.7270817375783625,4.343973055979968
0.324,0.014020111312323084,0.0,4.244952514722437,0.3712508756387401,0.7379944585861562,0.6503549520823344,0.7254123850737544,4.244952514722437
0.3245,0.014006222423434194,0.0,4.144050337782634,0.36397918035689625,0.7372014327565732,0.6350627024672865,0.7237476522192083,4.144050337782634
0.325,0.013992333534545306,0.0,4.0414016599094165,0.35684997392056717,0.7364129859262053,0.6195008125520134,0.7220875440466445,4.0414016599094165
0.3255,0.013978444645656417,0.0,3.9371436035020597,0.3498604565782291,0.735629078797607,0.6036975852149701,0.7204320640903924,3.9371436035020597
0.326,0.013964555756767529,0.0,3.8314227881825076,0.34300786295853314,0.7348496599936616,0.587683214149704,0.7187811887780926,3.8314227881825076
0.3265,0.01395066686787864,0.0,3.724404056195658,0.3362894904882866,0.7340746509855792,0.571489618287247,0.717134835006234,3.724404056195658
0.327,0.01393677797898975,0.0,3.6162534546270013,0.3297026010607404,0.7333039717172919,0.5551499997934289,0.7154929139929158,3.6162534546270013
0.3275,0.013922889090100862,0.0,3.507194630831723,0.3232447220624443,0.7325374465311222,0.5386991893166244,0.7138551299676307,3.507194630831723
0.328,0.013909000201211972,0.0,3.397447457502006,0.31691338087994825,0.731774899769393,0.5221728636920995,0.7122211824251234,3.397447457502006
0.3285,0.013895111312323084,0.0,3.287227663488014,0.31070610489980194,0.7310161557744272,0.5056072279686303,0.7105907661825313,3.287227663488014
0.329,0.013881222423434194,0.0,3.17674648056548,0.3046204215085553,0.7302610388885474,0.4890386887291738,0.7089635714340572,3.17674648056548
0.3295,0.013867333534545306,0.0,3.0662295092744913,0.29865399112726027,0.7295093393452265,0.4725038412549627,0.7073392099941768,3.0662295092744913
0.33,0.013853444645656417,0.0,2.955906148265125,0.29280431068603513,0.7287608286563471,0.4560383889554461,0.7057172477152339,2.955906148265125
0.3305,0.013839555756767529,0.0,2.8460176508883697,0.2870691694304223,0.7280152423060048,0.4396780204656857,0.7040971663285549,2.8460176508883697
0.331,0.013825666867878639,0.0,2.736798076967148,0.2814463908771531,0.7272723113199062,0.42345747867296035,0.7024784313088555,2.736798076967148
0.3315,0.01381177797898975,0.0,2.628471350052828,0.27593379854295885,0.726531766723758,0.4074101836465577,0.7008605015550835,2.628471350052828
0.332,0.013797889090100861,0.0,2.521250906964998,0.2705292159445707,0.7257933395432665,0.3915679656078354,0.6992428294446627,2.521250906964998
0.3325,0.013784000201211972,0.0,2.415322716019298,0.26523052132862945,0.7250567941629401,0.375961015267458,0.6976249342561605,2.415322716019298
0.333,0.013770111312323084,0.0,2.310904117263966,0.26003558490689127,0.7243218111016915,0.3606173837571354,0.6960061446629942,2.310904117263966
0.3335,0.013756222423434194,0.0,2.208185594814342,0.254942310768308,0.7235880987911549,0.3455630460245567,0.6943858434804466,2.208185594814342
0.334,0.013742333534545306,0.0,2.107276513037948,0.24994879166802259,0.7228555126427888,0.33082231161854686,0.6927637325100344,2.107276513037948
0.3345,0.013728444645656417,0.0,2.008280063406345,0.24505312036117816,0.722123908068051,0.3164170328161627,0.6911395101305082,2.008280063406345
0.335,0.013714555756767529,0.0,1.9112931857372981,0.2402533896029178,0.7213931404784,0.30236653077461156,0.6895128713100458,1.9112931857372981
0.3355,0.013700666867878639,0.0,1.8164065002415328,0.23554769214838459,0.7206630652852937,0.2886875586080233,0.6878835076167675,1.8164065002415328
0.336,0.01368677797898975,0.0,1.7236670248179211,0.23093420122151956,0.7199336260881081,0.2753945953420232,0.6862513048153773,1.7236670248179211
0.3365,0.013672889090100861,0.0,1.6331254361693306,0.22641101087533627,0.719204751590039,0.2624993353835461,0.6846161138815533,1.6331254361693306
0.337,0.013659000201211972,0.0,1.5447544868282006,0.22197635216192255,0.7184765576101348,0.25001150012767787,0.6829782055398411,1.5447544868282006
0.3375,0.013645111312323084,0.0,1.458490608620137,0.21762855915042018,0.7177492671207973,0.23793871991392093,0.6813380951566119,1.458490608620137
0.338,0.013631222423434194,0.0,1.3742804360218122,0.2133659659099709,0.7170231030944285,0.22628625382503456,0.6796963032707743,1.3742804360218122
0.3385,0.013617333534545306,0.0,1.2920809231335117,0.2091869065097165,0.7162982885034304,0.2150571097494479,0.6780533555756687,1.2920809231335117
0.339,0.013603444645656416,0.0,1.2118594863482488,0.20508971501879875,0.7155750463202046,0.20425218153108074,0.6764097828969851,1.2118594863482488
0.3395,0.013589555756767529,0.0,1.1336224788491849,0.20107281397225887,0.7148535168285016,0.19387055923937063,0.6747659325397055,1.1336224788491849
0.34,0.013575666867878639,0.0,1.057237115334635,0.19713451907630197,0.7141342821964655,0.18390954931631617,0.6731231655386798,1.057237115334635
0.3405,0.01356177797898975,0.0,0.9827266098638846,0.19327331280246274,0.7134175230510843,0.1743649241475523,0.6714819356232968,0.9827266098638846
0.341,0.013547889090100861,0.0,0.9101630973206245,0.1894877431480717,0.7127032914227687,0.1652310301092293,0.6698424049627576,0.9101630973206245
0.3415,0.013534000201211972,0.0,0.8396221856835231,0.18577635811045948,0.7119916393419289,0.15650087950090413,0.6682047367642017,0.8396221856835231
0.342,0.013520111312323084,0.0,0.7711830246975193,0.18213770568695653,0.7112826188389755,0.14816631367184255,0.6665690952620787,0.7711830246975193
0.3425,0.013506222423434194,0.0,0.7049283759441729,0.17857033387489346,0.7105762819443188,0.14021816212927515,0.6649356457073021,0.7049283759441729
0.343,0.013492333534545306,0.0,0.6409812768386958,0.17507286879334116,0.7098725385298679,0.13264648528081174,0.663304224403588,0.6409812768386958
0.3435,0.013478444645656416,0.0,0.5794952743151027,0.17164384447681874,0.709171159709283,0.12544037932092855,0.6616743426206265,0.5794952743151027
0.34400000000000003,0.013464555756767528,0.0,0.520649908310839,0.16828194055876153,0.7084717585907917,0.1185886026348121,0.6600451378434175,0.520649908310839
0.34450000000000003,0.013450666867878639,0.0,0.46461817699126023,0.16498589267935393,0.707773891194919,0.11207955197741422,0.6584156053305638,0.46461817699126023
0.34500000000000003,0.013436777978989749,0.0,0.4115507233876757,0.16175443647878046,0.7070771135421902,0.10590128949135515,0.6567847303569001,0.4115507233876757
0.34550000000000003,0.013422889090100861,0.0,0.36157553438495804,0.1585863075972255,0.7063809816531307,0.10004164810298932,0.6551514882600833,0.36157553438495804
0.34600000000000003,0.013409000201211971,0.0,0.3147977415920153,0.15548024167487354,0.7056850515482659,0.09448832718812356,0.6535148444714123,0.3147977415920153
0.34650000000000003,0.013395111312323084,0.0,0.27126441905831433,0.15243503342014741,0.7049890888793006,0.08922914512409212,0.6518742492789391,0.27126441905831433
0.34700000000000003,0.013381222423434194,0.0,0.2311181386104594,0.14944942170848197,0.7042921629367861,0.08425161050737062,0.6502275003975829,0.2311181386104594
0.34750000000000003,0.013367333534545306,0.0,0.19434690750610725,0.14652225995697965,0.7035940955759565,0.0795437633513639,0.6485741592902592,0.19434690750610725
0.34800000000000003,0.013353444645656416,0.0,0.16089926087323475,0.14365244206599,0.702894945239673,0.07509388104247888,0.6469143457434523,0.16089926087323475
0.34850000000000003,0.013339555756767528,0.0,0.13072690823573627,0.14083886193586256,0.7021947703707963,0.07089038229413663,0.645248180821989,0.13072690823573627
0.34900000000000003,0.013325666867878639,0.0,0.10378470168245174,0.13808041346694683,0.7014936294121872,0.0669218759153221,0.6435757868739654,0.10378470168245174
0.34950000000000003,0.013311777978989749,0.0,0.08002541233430067,0.13537599239805484,0.7007916379063407,0.0631772185450375,0.6418974242129186,0.08002541233430067
0.35000000000000003,0.013297889090100861,0.0,0.0593718555720172,0.13272453313520052,0.7000893697524222,0.05964568206073438,0.6402144554580027,0.0593718555720172
0.35050000000000003,0.013284000201211971,0.0,0.041766850064439275,0.13012499550456097,0.6993875356946637,0.05631685907574589,0.6385285852170917,0.041766850064439275
0.35100000000000003,0.013270111312323083,0.0,0.0271015434462249,0.1275763826143349,0.6986885003855442,0.053181001499713595,0.6368455208003512,0.0271015434462249
0.35150000000000003,0.013256222423434194,0.0,0.015388768000614646,0.12507769757272108,0.6979946284775426,0.050228575570183245,0.6351710222863298,0.015388768000614646
0.352,0.013242333534545308,0.0,0.006755773637521256,0.12262795107079143,0.6973087435274747,0.04745038084982828,0.6335120130203358,0.006755773637521256
0.3525,0.013228444645656418,0.0,0.0014615015523772247,0.12022618766918362,0.6966359587718508,0.044837882382681896,0.6318810339589032,0.0014615015523772247
0.353,0.013214555756767528,0.0,0.0,0.11787146903606135,0.6959837091492701,0.042383100469340074,0.6302963795894576,0.0
0.3535,0.01320066686787864,0.0,0.0,0.11556287287738437,0.6953585124824954,0.0400780468211854,0.6287742563324883,0.0
0.354,0.01318677797898975,0.0,0.0,0.11329949607524992,0.6947590166856661,0.037913831649274705,0.6273117684211942,0.0
0.3545,0.013172889090100863,0.0,0.0,0.11108046398759451,0.6941830483338072,0.03588194937995628,0.6259039682943899,0.0
0.355,0.013159000201211973,0.0,0.0,0.10890487777692492,0.6936282133810343,0.033974321126545845,0.6245453134556118,0.0
0.3555,0.013145111312323085,0.0,0.0,0.10677190367595275,0.6930928408118375,0.03218346761201991,0.6232319825562076,0.0
0.356,0.013131222423434195,0.0,0.0,0.10468071903558004,0.6925753801941266,0.030502345420468886,0.6219604125488567,0.0
0.3565,0.013117333534545307,0.0,0.0,0.10263050120670882,0.6920742810958113,0.0289243035380972,0.6207270065493542,0.0
0.357,0.013103444645656418,0.0,0.0,0.10062044608991123,0.6915881397848164,0.027443093619043055,0.6195284979144402,0.0
0.3575,0.013089555756767528,0.0,0.0,0.09864974450506317,0.6911155958992707,0.026052821041155954,0.6183616996133496,0.0
0.358,0.01307566686787864,0.0,0.0,0.09671764260923785,0.6906556565640849,0.024747994675133427,0.6172243087368104,0.0
0.3585,0.01306177797898975,0.0,0.0,0.09482339477273347,0.6902073829455264,0.02352344027914385,0.6161141376741611,0.0
0.359,0.013047889090100863,0.0,0.0,0.09296625536584821,0.689769836209863,0.022374275467661395,0.615028981898979,0.0
0.3595,0.013034000201211973,0.0,0.0,0.09114548715321082,0.6893421264094818,0.02129590448916263,0.6139667423048705,0.0
0.36,0.013020111312323085,0.0,0.0,0.08936038276608892,0.6889235316608772,0.020284022436771923,0.6129257233826348,0.0
0.36000000000000004,0.013020111312323081,0.0,0.0,0.08936038276608871,0.688923531660877,0.02028402243677181,0.6129257233826346,0.0
0.36050000000000004,0.013145111312323082,0.0,0.17857239012858414,0.087610243821055,0.6885675288850085,0.019337935234730978,0.61203926374084,0.17857239012858414
0.36100000000000004,0.013270111312323082,0.0,0.7922390500484998,0.0858943854989942,0.694175805486183,0.01880133603776617,0.6258862481999,0.7922390500484998
0.36150000000000004,0.013395111312323082,0.0,0.8096739629156865,0.08421213632888186,0.7026315831857255,0.018449336692787408,0.6462880987254875,0.8096739629156865
0.36200000000000004,0.013520111312323082,0.0,0.8129063633322853,0.08256283798366253,0.7111367915561085,0.01810900287319492,0.6662321872300037,0.8129063633322853
0.36250000000000004,0.013645111312323082,0.0,0.8155850166462482,0.08094584625461869,0.7196439288737849,0.017777278334949374,0.6856018935306905,0.8155850166462482
0.36300000000000004,0.013770111312323084,0.0,0.8179008113319075,0.07936052457918003,0.7281523291147838,0.017453910450105102,0.7043953753371326,0.8179008113319075
0.36350000000000005,0.013895111312323084,0.0,0.8198718035908678,0.07780625597579591,0.7366619248949654,0.01713869041261855,0.7226122327999006,0.8198718035908678
0.36400000000000005,0.014020111312323084,0.0,0.8215160838654273,0.07628247321159962,0.7451726498264567,0.016831433124145874,0.7402520864141213,0.8215160838654273
0.36450000000000005,0.014145111312323084,0.0,0.8228518826825625,0.07478859301672043,0.7536844380119464,0.016531944555013098,0.7573145756900372,0.8228518826825625
0.36500000000000005,0.014270111312323084,0.0,0.8238971045499619,0.07332387286673916,0.7621972255114081,0.01623995271818773,0.7737993617821116,0.8238971045499619
0.36550000000000005,0.014395111312323084,0.0,0.8246647477335762,0.07188778903288394,0.7707109659044752,0.015955293049631294,0.7897061553741651,0.8246647477335762
0.36600000000000005,0.014520111312323085,0.0,0.8251679812164053,0.07047981778638293,0.7792256127707808,0.015677799730985927,0.8050346797742511,0.8251679812164053
0.36650000000000005,0.014645111312323085,0.0,0.8254201223926615,0.06909943539846428,0.7877411196899586,0.015407305840518238,0.8197846709181101,0.8254201223926615
0.36700000000000005,0.014770111312323085,0.0,0.8254346158756983,0.06774611814035612,0.7962574402416418,0.015143643499219688,0.8339558773724474,0.8254346158756983
0.36750000000000005,0.014895111312323087,0.0,0.8252250134194619,0.06641934228328664,0.8047745280054638,0.014886644012037795,0.8475480603380422,0.8252250134194619
0.36800000000000005,0.015020111312323087,0.0,0.8248049549540514,0.06511858409848394,0.8132923365610578,0.01463613800426192,0.8605609936526828,0.8248049549540514
0.36850000000000005,0.015145111312323087,0.0,0.824188150734699,0.0638433198571762,0.8218108194880576,0.01439195555313811,0.8729944637939295,0.824188150734699
0.36900000000000005,0.015270111312323087,0.0,0.8233883646049635,0.06259302583059156,0.8303299303660961,0.014153926314847961,0.8848482698817048,0.8233883646049635
0.36950000000000005,0.015395111312323087,0.0,0.822411592326996,0.06136726720563828,0.8388496495469031,0.013921921686428335,0.8961222581953763,0.822411592326996
0.37000000000000005,0.015520111312323087,0.0,0.8212658762978868,0.06016547475473506,0.8473699505125667,0.013695749962515574,0.9068162719738546,0.8212658762978868
0.37050000000000005,0.015645111312323087,0.0,0.8199622112310013,0.058987160759039536,0.8558907967164353,0.013475256568763066,0.916930150115905,0.8199622112310013
0.37100000000000005,0.015770111312323087,0.0,0.8185086183754997,0.05783189944052666,0.8644121618836567,0.013260315023106341,0.9264637526197451,0.8185086183754997
0.37150000000000005,0.015895111312323087,0.0,0.81691313505273,0.056699265021171376,0.8729340197393786,0.013050797923085476,0.9354169466416294,0.81691313505273
0.37200000000000005,0.016020111312323088,0.0,0.8151838077872251,0.055588831722948644,0.8814563440087486,0.012846577062228099,0.9437896064969113,0.8151838077872251
0.37250000000000005,0.016145111312323088,0.0,0.8133286857937722,0.0545001737678334,0.8899791084169147,0.012647523542526119,0.951581613661052,0.8133286857937722
0.37300000000000005,0.016270111312323088,0.0,0.8113558148219577,0.053432865377800606,0.8985022866890245,0.012453507883010504,0.9587928567705721,0.8113558148219577
0.37350000000000005,0.016395111312323088,0.0,0.8092732313570619,0.05238648077482521,0.9070258525502259,0.012264400124467938,0.9654232316239507,0.8092732313570619
0.37400000000000005,0.016520111312323088,0.0,0.8070889571782551,0.05136059418088216,0.9155497797256665,0.012080069930385792,0.9714726411824662,0.8070889571782551
0.37450000000000006,0.016645111312323088,0.0,0.8048094254743123,0.050354810239664816,0.9240740473794732,0.011900400097234361,0.976940998874662,0.8048094254743123
0.37500000000000006,0.01677011131232309,0.0,0.8024358413856988,0.04936874501008045,0.9325986527749448,0.011725278388365658,0.9818282335689902,0.8024358413856988
0.37550000000000006,0.01689511131232309,0.0,0.7999760330004533,0.04840193140412914,0.9411235701901329,0.01155455553313789,0.9861342640513752,0.7999760330004533
0.37600000000000006,0.01702011131232309,0.0,0.7974345258795863,0.04745402275976902,0.9496487853029455,0.011388134535037234,0.9898590207141245,0.7974345258795863
0.37650000000000006,0.01714511131232309,0.0,0.7948158335872306,0.04652467241495821,0.9581742837912905,0.011225917663621666,0.993002437854514,0.7948158335872306
0.37700000000000006,0.017270111312323092,0.0,0.7921244555402293,0.04561353370765483,0.9667000513330756,0.011067806545717814,0.9955644536751208,0.7921244555402293
0.37750000000000006,0.017395111312323092,0.0,0.7893648749627254,0.044720259975817,0.9752260736062088,0.010913702253534364,0.9975450102841401,0.7893648749627254
0.37800000000000006,0.017520111312323092,0.0,0.7865415569483319,0.04384450455740285,0.9837523362885978,0.010763505389687993,0.9989440536956847,0.7865415569483319
0.37850000000000006,0.017645111312323093,0.0,0.7836589466268317,0.04298592079037051,0.9922788250581507,0.010617116169168371,0.9997615338300694,0.7836589466268317
0.37900000000000006,0.017770111312323093,0.0,0.7807214674378784,0.04214416201267809,1.000805525592775,0.010474434498298053,0.9999974045140776,0.7807214674378784
0.37950000000000006,0.017895111312323093,0.0,0.777733519510245,0.041318881562283714,1.009332423570379,0.010335360050778591,0.9996516234812122,0.777733519510245
0.38000000000000006,0.018020111312323093,0.0,0.7748139398660374,0.04050983287737924,1.017859100209878,0.01019982406608134,0.9987242101587741,0.7748139398660374
0.38050000000000006,0.018145111312323093,0.0,0.7716368378738221,0.03971657269245785,1.0263867080217046,0.010067712522161279,0.9972149665591092,0.7716368378738221
0.38100000000000006,0.018270111312323093,0.0,0.7682794910038975,0.038938802109359856,1.034914978542478,0.00993893731666896,0.9951237770935132,0.7682794910038975
0.38150000000000006,0.018395111312323093,0.0,0.7648596732937349,0.038176242547895624,1.0434434972582025,0.00981341565034543,0.9924506501839062,0.7648596732937349
0.38200000000000006,0.018520111312323093,0.0,0.7614941467312504,0.03742861542787548,1.0519718496548813,0.009691065089414863,0.9891957073738017,0.7614941467312504
0.38250000000000006,0.018645111312323093,0.0,0.7582986524833937,0.036695642169109796,1.060499621218519,0.009571803578506769,0.985359183329663,0.7582986524833937
0.38300000000000006,0.018770111312323094,0.0,0.7553879909342787,0.035977044191408895,1.069026397435119,0.009455549453890207,0.980941425828516,0.755304110243585
0.38350000000000006,0.018895111312323094,0.0,0.7528761905311285,0.03527254291458312,1.0775517637906857,0.009342221457028121,0.9759428957318147,0.752058379478022
0.38400000000000006,0.019020111312323094,0.0,0.7508767654392612,0.034581859758442836,1.0860753057712225,0.009231738748476001,0.9703641669455623,0.7485696931994562
0.38450000000000006,0.019145111312323094,0.0,0.749503062004632,0.03390471614279837,1.0945966088627335,0.00912402092216891,0.964205926366684,0.7449520103363083
0.38500000000000006,0.019270111312323097,0.0,0.7488686940263706,0.03324083348746007,1.1031152585512227,0.009018988020161035,0.957468973815658,0.7413197040395204
0.38550000000000006,0.019395111312323098,0.0,0.7490438731844726,0.032589965099282234,1.111630999139611,0.008916575482743237,0.9501540801243687,0.7377438150170424
0.38600000000000007,0.019520111312323098,0.0,0.7499256102676596,0.03195185140459237,1.1201442015310403,0.008816724212721276,0.942261483353875,0.7341219141853402
0.38650000000000007,0.019645111312323098,0.0,0.7515348830441468,0.03132619095492298,1.128654794935039,0.008719351080368299,0.9337917749608923,0.7304757001913105
0.38700000000000007,0.019770111312323098,0.0,0.7538697544744474,0.030712760806653555,1.1371627946619225,0.00862440407257205,0.9247454710421251,0.726803917127367
0.38750000000000007,0.019895111312323098,0.0,0.7569293082489493,0.030111338016163607,1.1456682160220062,0.008531830588167023,0.9151230833638646,0.7231063241874602
0.38800000000000007,0.020020111312323098,0.0,0.7607136283236241,0.029521699639832626,1.1541710743256055,0.008441577498032857,0.9049251193651545,0.7193836752069007
0.38850000000000007,0.020145111312323098,0.0,0.7652237785770858,0.02894362273404012,1.162671384883036,0.008353591203367632,0.8941520821609408,0.7156376983235118
0.38900000000000007,0.0202701113123231,0.0,0.770461782589008,0.02837688435516559,1.1711691630046126,0.008267817692118706,0.8828044705452014,0.7118710757601143
0.38950000000000007,0.0203951113123231,0.0,0.7764306035392969,0.027821261559588525,1.179664424000651,0.00818420259357315,0.8708827789940571,0.7080874237277436
0.39000000000000007,0.0205201113123231,0.0,0.7831341242285531,0.027276531403688437,1.188157183181467,0.008102691231125024,0.8583874976688635,0.704291272450129
0.39050000000000007,0.0206451113123231,0.0,0.7905771272200891,0.026742470943844823,1.1966474558573754,0.008023228673257238,0.8453191124192864,0.7004880463097092
0.39100000000000007,0.0207701113123231,0.0,0.7987597396799893,0.026218878017309457,1.2051352766023538,0.007945767481191347,0.8316780731731033,0.6966784806245802
0.39150000000000007,0.0208951113123231,0.0,0.8076657342847269,0.025705555436646307,1.2136207391407905,0.007870262366577604,0.8174647192357694,0.6928468524279309
0.39200000000000007,0.0210201113123231,0.0,0.8173035955089839,0.025202247460392777,1.222103853165085,0.007796645840726693,0.8026795136368895,0.6890022545563439
0.39250000000000007,0.0211451113123231,0.0,0.8276717330127163,0.024708775458828505,1.2305846655148873,0.007724878230040422,0.7873228481175502,0.6851436374862596
0.39300000000000007,0.0212701113123231,0.0,0.8387690448338799,0.024224960802233124,1.239063223029847,0.00765491941888657,0.7713951015783265,0.6812704233830092
0.39350000000000007,0.0213951113123231,0.0,0.8505948622320995,0.023750624860886273,1.2475395725496137,0.007586728896700832,0.7548966400878182,0.677382450955577
0.3940000000000001,0.0215201113123231,0.0,0.8631488956670738,0.02328558900506758,1.2560137609138373,0.007520265803565197,0.7378278168910102,0.6734799214458755
0.3945000000000001,0.0216451113123231,0.0,0.876431181910402,0.02282967460505669,1.2644858349621673,0.007455488974250968,0.7201889724174608,0.6695633457512096
0.3950000000000001,0.0217701113123231,0.0,0.8904420322916604,0.02238270303113323,1.2729558415342537,0.007392356980726584,0.7019804342893096,0.665633492680765
0.3955000000000001,0.0218951113123231,0.0,0.9051819820785313,0.02194449565357684,1.2814238274697458,0.007330828173144621,0.683202517329115,0.6616913383459221
0.3960000000000001,0.0220201113123231,0.0,0.9206517409904037,0.02151487384266715,1.2898898396082934,0.0072708607193355135,0.6638555235675117,0.6577380166838087
0.3965000000000001,0.0221451113123231,0.0,0.9368521448466646,0.0210936589686838,1.2983539247895464,0.007212412642850551,0.6439397422506948,0.6537747711153212
0.3970000000000001,0.0222701113123231,0.0,0.953776904971394,0.02068068560490681,1.3068161527939683,0.007155446470596781,0.6234553935388331,0.6497956462803305
0.3975000000000001,0.0223951113123231,0.0,0.971426067686795,0.020275801182505458,1.3152765726766862,0.007099928587317628,0.6024027308849689,0.6458010510789278
0.3980000000000001,0.0225201113123231,1.0,0.9977539638144479,0.023125216383993223,1.3237104160365882,0.008315227964919038,0.5808462661976759,0.6498124215938579
0.3985000000000001,0.0226451113123231,1.0,1.0773723020302581,0.031556482253216785,1.3319836314835347,0.014241427834664103,0.5591474737080184,0.7068206700279934
0.3990000000000001,0.0227701113123231,1.0,1.2071522803295138,0.03991497907903558,1.340122171087038,0.02509249194154724,0.5372676349401588,0.8136642135432794
0.3995000000000001,0.022895111312323104,1.0,1.3967067267171531,0.048201334900074354,1.3481214997452944,0.042384618642343004,0.515245685660348,0.9800034203282594
0.4,0.023020111312323083,1.0,1.650535542529055,0.05641617240712132,1.355997726931154,0.06736670476525569,0.4930624736794059,1.210324188475188
