Time [s],Lmtc [m],STIM [ ],Fsee [N],Gamma [ ],Lcerel [ ],q [ ],fisomrel [ ],fce [N]
0.0,0.02263975387787829,1.0,2.7395137935967346,0.09501610374651093,1.4186581299696426,0.3216925832880438,0.2989014808412874,2.2005049706483626
0.0005,0.022596976100100512,1.0,1.6076728362376265,0.10318341276489293,1.4185527338809985,0.381068760489644,0.2992544358429684,1.0690238330224813
0.001,0.022554198322322735,1.0,1.18466252662601,0.11127701335930941,1.4168314154554889,0.4371842945291229,0.30500628435749455,0.651873059823317
0.0015,0.022511420544544955,1.0,1.0596269130592129,0.11929757073529008,1.414172717667922,0.4893128085406566,0.31384383975827124,0.5358249407145588
0.002,0.022468642766767178,1.0,1.0410188904747797,0.12724574409042755,1.4111252928286975,0.537273898136656,0.323903974386071,0.5274244364130878
0.0025,0.0224258649889894,1.0,1.0605421200740484,0.13512218667645348,1.4079331398871477,0.5809976889043477,0.33436221352725104,0.5575322508350444
0.003,0.022383087211211624,1.0,1.0944739794901912,0.14292754586532314,1.4046879090203197,0.620531445658114,0.3449107851710458,0.6021117210797946
0.0035,0.022340309433433844,1.0,1.1338810809749424,0.15066246317383453,1.4014246073961327,0.6560448522356604,0.35543313830744283,0.6521108684666337
0.004,0.022297531655656067,1.0,1.1750818858781882,0.15832757414820917,1.3981573688625502,0.6877973762317309,0.3658828384818047,0.7038011151924228
0.0045000000000000005,0.02225475387787829,1.0,1.2163532399926338,0.1659235092914031,1.394892474598364,0.7160999084440974,0.3762397340223219,0.7554390570153201
0.005,0.022211976100100513,1.0,1.2569727882886426,0.1734508918794168,1.3916323123785215,0.741282499980565,0.3864965276042087,0.8062951320346509
0.0055,0.022169198322322736,1.0,1.2965086111104607,0.18091034219813237,1.3883781300889373,0.7636731530761324,0.396649712274482,0.8559340688594839
0.006,0.022126420544544955,1.0,1.334818709929249,0.18830247202094347,1.3851301341996378,0.7835833891847896,0.40669911892547583,0.9042138702216337
0.006500000000000001,0.022083642766767178,1.0,1.371835351136192,0.19562788680864246,1.3818882850586822,0.8013010069965265,0.41664535093975463,0.951067574087775
0.007,0.0220408649889894,1.0,1.4075465026390723,0.20288719436950114,1.378652374824769,0.817086627373065,0.4264895161582506,0.9964844146679613
0.0075,0.021998087211211624,1.0,1.4419915859794052,0.21008098977823597,1.3754220510452293,0.8311729595571843,0.436233134355973,1.0405054756989145
0.008,0.021955309433433844,1.0,1.4752245319781554,0.21720985998020312,1.3721969418803674,0.8437658732016009,0.4458777458196095,1.083186356341711
0.0085,0.021912531655656067,1.0,1.5073073596429574,0.22427439192075863,1.368976675490488,0.8550463111381619,0.4554248517759486,1.124590691138347
0.009000000000000001,0.02186975387787829,1.0,1.538276091995918,0.23127513078049117,1.3657609850062542,0.8651725866599764,0.4648756073890188,1.1647557676692961
0.0095,0.021826976100100513,1.0,1.5682721788502318,0.23821272428280188,1.3625492934498726,0.8742828469212712,0.47423203927599256,1.2038251331691532
0.01,0.021784198322322736,1.0,1.5973436286426064,0.24508772990747926,1.35934133881441,0.882497452741245,0.4834952088762696,1.241847939338769
0.0105,0.021741420544544955,1.0,1.6255340507414888,0.25190069624903977,1.356136886440476,0.8899211942793088,0.4926660724659342,1.2788688270869266
0.011,0.021698642766767178,1.0,1.652891005464637,0.25865217190199985,1.3529357016686796,0.8966453095491108,0.5017455619505471,1.3149363553247895
0.0115,0.0216558649889894,1.0,1.6794657416543064,0.2653427054608759,1.3497375498396302,0.9027492829399267,0.5107345849286886,1.3501027386269921
0.012,0.021613087211211624,1.0,1.7053129524457924,0.27197284552018447,1.3465421962939375,0.9083024277275237,0.5196340247510964,1.3844236030801322
0.0125,0.021570309433433844,1.0,1.7304905492290448,0.27854314067444186,1.3433494063722105,0.913365266065374,0.5284447405754027,1.4179577603183868
0.013000000000000001,0.021527531655656067,1.0,1.755059453801568,0.2850541395181646,1.3401589454150586,0.917990724928309,0.5371675674164607,1.4507669997444474
0.0135,0.02148475387787829,1.0,1.7790668771417995,0.29150636542929015,1.3369706269794248,0.9222251635220748,0.5458031862123733,1.4828992453261725
0.014,0.021441976100100513,1.0,1.8025469843066066,0.2979003686420145,1.3337843088377235,0.9261093016989438,0.5543521406948929,1.5143892388469766
0.0145,0.021399198322322736,1.0,1.8255375712674462,0.3042366960044654,1.330599843199888,0.9296789380413658,0.5628149747048379,1.5452753469591398
0.015,0.021356420544544955,1.0,1.8480583586893906,0.31051585108618596,1.3274171387399016,0.9329655985198989,0.5711920690375041,1.575577703450619
0.0155,0.021313642766767178,1.0,1.870130165762908,0.31673833745671925,1.324236104131747,0.9359971161871977,0.5794837951098677,1.6053175279560572
0.016,0.0212708649889894,1.0,1.891774858441483,0.32290465868560836,1.3210566480494068,0.9387981136467533,0.5876905149731173,1.6345170742113415
0.0165,0.021228087211211624,1.0,1.9130153004366106,0.32901531834239633,1.317878679166864,0.9413904176946297,0.5958125813245199,1.6631995810646443
0.017,0.021185309433433844,1.0,1.933875306966803,0.3350708199966263,1.3147021061581015,0.9437934160205332,0.6038503375186202,1.6913892262405654
0.0175,0.021142531655656067,1.0,1.9543796012641914,0.3410716672178413,1.3115268376971019,0.9460243644380211,0.6118041175777742,1.719111082860978
0.018000000000000002,0.02109975387787829,1.0,1.9745537738344072,0.3470183635755845,1.308352782457848,0.9480986518742613,0.6196742462020122,1.746391078718244
0.0185,0.021056976100100513,1.0,1.9944041471828693,0.35291135073316315,1.305179904475713,0.9500300141633891,0.6274609036167785,1.7732357399252594
0.019,0.021014198322322736,1.0,2.0139570864620904,0.35875119866245186,1.3020081139421578,0.9518307926003328,0.6351643964524026,1.7996717461820615
0.0195,0.020971420544544955,1.0,2.03322038224432,0.3645383678959245,1.298837373802614,0.9535120221353817,0.6427848960750271,1.8257070784778144
0.02,0.02092864276676718,1.0,2.052202020465642,0.3702733181421149,1.2956676474765954,0.9550836203124234,0.650322568942623,1.8513499070579078
0.0205,0.0208858649889894,1.0,2.0709103411945478,0.3759565091095569,1.2924988983836165,0.9565545167762596,0.657777577777483,1.8766087512498149
0.021,0.020843087211211624,1.0,2.089354026600523,0.3815884005067844,1.2893310899431911,0.9579327659180317,0.6651500815691402,1.9014924674356164
0.021500000000000002,0.020800309433433844,1.0,2.10754208936501,0.3871694520423311,1.2861641855748334,0.9592256452393165,0.6724402355771693,1.9260102374667596
0.022,0.020757531655656067,1.0,2.125483861534002,0.39270012342473093,1.2829981486980573,0.9604397414026778,0.679648191333889,1.9501715575202971
0.0225,0.02071475387787829,1.0,2.14318898381253,0.39818087436251776,1.2798329427323774,0.9615810256476052,0.686774096646952,1.9739862273968813
0.023,0.020671976100100513,1.0,2.1606673953025783,0.4036121645642254,1.2766685310973072,0.9626549200061801,0.6938180956018336,1.9974643402620413
0.0235,0.020629198322322736,1.0,2.177924505109034,0.4089944036050566,1.273504889914413,0.9636663437639542,0.7007803007716193,2.0206114308243164
0.024,0.020586420544544955,1.0,2.1949672921523438,0.414328078524958,1.2703419917186387,0.9646197983229109,0.7076608300543978,2.043434606813482
0.0245,0.02054364276676718,1.0,2.2118028245809738,0.4196136623706319,1.2671798093839461,0.9655193858623617,0.7144597978302328,2.065941060808715
0.025,0.0205008649889894,1.0,2.2284340351673957,0.4248515697995966,1.2640183271091139,0.9663688409345659,0.7211772918020198,2.0881338265567293
0.025500000000000002,0.020458087211211624,1.0,2.2448639966717425,0.4300422154693703,1.26085752909292,0.9671715805655419,0.7278133980621455,2.1100160756146287
0.026000000000000002,0.020415309433433844,1.0,2.261095918227373,0.43518601403747137,1.257697399534143,0.9679307355367817,0.7343682010933612,2.1315911137366466
0.0265,0.020372531655656067,1.0,2.277133141810675,0.440283380161418,1.254537922631561,0.9686491781943312,0.7408417837696379,2.1528623773451088
0.027,0.02032975387787829,1.0,2.292979138792085,0.44533472849872846,1.2513790825839521,0.9693295472106013,0.7472342273570023,2.1738334300825803
0.0275,0.020286976100100513,1.0,2.3086375065707774,0.4503404737069211,1.2482208635900949,0.969974269667734,0.7535456115143501,2.1945079594476593
0.028,0.020244198322322736,1.0,2.3241119652905615,0.4553010304435141,1.2450632498487677,0.9705855807828343,0.7597760142942418,2.2148897735119437
0.0285,0.020201420544544955,1.0,2.3394063546397468,0.46021681336602577,1.2419062255587485,0.9711655415537305,0.7659255121436795,2.2349827977209507
0.029,0.02015864276676718,1.0,2.3545246307321155,0.46508823713197434,1.2387497749188159,0.9717160545680661,0.7719941799048591,2.254791071776104
0.029500000000000002,0.0201158649889894,1.0,2.369468700996535,0.4699156656538834,1.2355938875918937,0.9722388695081443,0.7779820805173526,2.27431657668624
0.03,0.020073087211211624,1.0,2.3842409446929853,0.47469953553623373,1.2324385522625696,0.9727356184302399,0.7838892776883228,2.29356176523976
0.0305,0.020030309433433847,1.0,2.3988442625813082,0.47944027576160997,1.229283756522463,0.9732078113954408,0.7897158359797916,2.312529611663736
0.031,0.019987531655656067,1.0,2.4132797919799525,0.48413825733693405,1.2261294926034865,0.9736568391601511,0.795461810299559,2.331221318858562
0.0315,0.01994475387787829,1.0,2.427548735681317,0.4887938512691278,1.2229757527375529,0.9740839928011115,0.8011272547644868,2.349638154129298
0.032,0.019901976100100513,1.0,2.4416523605969425,0.4934074285651131,1.2198225291565743,0.9744904720496188,0.8067122227008282,2.367781447831308
0.0325,0.019859198322322733,1.0,2.455591996422123,0.49797936023181194,1.2166698140924637,0.974877392833395,0.812216766644549,2.3856525920353078
0.033,0.019816420544544956,1.0,2.4693690343217813,0.5025100172761461,1.213517599777133,0.975245794110002,0.8176409383416482,2.40325303921367
0.0335,0.01977364276676718,1.0,2.4829849256340397,0.5069997707050377,1.2103658784424955,0.9755966440659652,0.8229847887484687,2.4205843009444195
0.034,0.0197308649889894,1.0,2.4964411805963738,0.5114489915254082,1.2072146423204633,0.97593084574726,0.8282483680320099,2.437647946637806
0.0345,0.019688087211211625,1.0,2.5097393670891543,0.51585805074418,1.2040638836429491,0.9762492421793593,0.8334317255702277,2.454445602280253
0.035,0.019645309433433844,1.0,2.5228811094014763,0.5202273193682747,1.2009135946418652,0.9765526210284993,0.8385349099523371,2.470978949200595
0.035500000000000004,0.019602531655656067,1.0,2.5358679226416245,0.5245571591545515,1.1977637679506798,0.976841717613407,0.8435579683437986,2.4872495580691454
0.036000000000000004,0.01955975387787829,1.0,2.548699437138833,0.5288478574613442,1.1946144009231996,0.9771172105142931,0.8485009398132165,2.5032571090864297
0.0365,0.019516976100100513,1.0,2.561378336169622,0.5330998921645762,1.1914654835699896,0.9773797600239266,0.8533638744052402,2.519004342063125
0.037,0.019474198322322736,1.0,2.5739050244143997,0.5373135924906136,1.1883170115749202,0.9776299660540932,0.8581468126059655,2.5344917116079864
0.0375,0.019431420544544956,1.0,2.586279943686641,0.5414892876658226,1.185168980621861,0.9778683914165851,0.8628497944618434,2.5497197088684675
0.038,0.01938864276676718,1.0,2.5985035723007917,0.5456273069165695,1.182021386394683,0.9780955644946479,0.8674728595798302,2.564688860898837
0.0385,0.0193458649889894,1.0,2.6105764244467453,0.5497279794692204,1.1788742245772552,0.9783119816943205,0.8720160471275427,2.5793997300348575
0.039,0.019303087211211625,1.0,2.6224990495697456,0.5537916345501415,1.1757274908534485,0.978518109695998,0.8764793958334047,2.5938529132738917
0.0395,0.019260309433433848,1.0,2.634272031757282,0.5578186013856989,1.1725811809071325,0.978714387524462,0.8808629439867984,2.608049041661998
0.04,0.019217531655656067,1.0,2.6458959891310836,0.5618092092022591,1.1694352904221776,0.9789012284538101,0.8851667294382093,2.621988779686124
0.0405,0.01917475387787829,1.0,2.6573715732470657,0.5657637872261881,1.1662898150824539,0.9790790217620512,0.8893907895993731,2.6356728246742493
0.041,0.019131976100100513,1.0,2.668699468498683,0.5696826646838521,1.1631447505718315,0.9792481343486985,0.8935351614434195,2.649101906198934
0.0415,0.019089198322322733,1.0,2.679880391529396,0.5735661708016174,1.1600000925741802,0.9794089122273731,0.897599881505015,2.6622767854899774
0.042,0.019046420544544956,1.0,2.690915090649392,0.5774146348058501,1.1568558367733703,0.9795616819042792,0.9015849858805032,2.675198254851331
0.0425,0.01900364276676718,1.0,2.701803835455105,0.5812283446922921,1.153711980059844,0.97970674724449,0.9054905087443283,2.68786662661832
0.043000000000000003,0.0189608649889894,1.0,2.7125468656537417,0.5850076248797602,1.1505685194571644,0.979844399237886,0.90931648379391,2.700282182740358
0.043500000000000004,0.018918087211211625,1.0,2.7231450938540447,0.5887528441263422,1.1474254504629655,0.9799749175174819,0.9130629462231667,2.7124458783925958
0.044,0.018875309433433844,1.0,2.7335986657650566,0.5924642932635817,1.1442827704503982,0.9800985584930496,0.9167299286046309,2.7243579003947542
0.0445,0.018832531655656067,1.0,2.7439077507072103,0.5961422631230225,1.1411404767926132,0.9802155647484552,0.9203174632430152,2.7360184588158747
0.045,0.01878975387787829,1.0,2.754072541275782,0.5997870445362083,1.1379985668627612,0.9803261658919282,0.9238255821752961,2.7474277866378842
0.0455,0.018746976100100513,1.0,2.7640932530063487,0.603398928334683,1.1348570380339928,0.9804305793461126,0.9272543171707928,2.758586139421161
0.046,0.018704198322322736,1.0,2.7739701240431747,0.60697820534999,1.131715887679459,0.980529011082704,0.9306036997312485,2.769493794973029
0.0465,0.018661420544544956,1.0,2.7837034148096627,0.6105251664136732,1.1285751131723105,0.9806216563060653,0.9338737610909101,2.780151053018319
0.047,0.01861864276676718,1.0,2.7932934076811917,0.6140401023572762,1.125434711885698,0.9807087000898199,0.9370645322166078,2.7905582348723112
0.0475,0.018575864988989402,1.0,2.8027404066596966,0.617523304012343,1.1222946811927719,0.9807903179700777,0.9401760438078332,2.800715683115423
0.048,0.018533087211211625,1.0,2.812044737050847,0.620975062210417,1.1191550184666834,0.9808666764986401,0.9432083262968174,2.8106237612704925
0.0485,0.018490309433433848,1.0,2.8212067451442686,0.6243956677830421,1.1160157210805828,0.9809379337592369,0.9461614098486096,2.820282853483106
0.049,0.018447531655656067,1.0,2.830226797894308,0.627785411561762,1.112876786407621,0.981004239849593,0.9490353243611532,2.8296933642024653
0.0495,0.01840475387787829,1.0,2.8391073086680843,0.6311445216854099,1.1097382071431743,0.9810657310459423,0.9518301035720071,2.838857744273233
0.05,0.018361976100100513,1.0,2.8478478031616876,0.6344733391311538,1.1065999827143542,0.9811225477955496,0.9545457747411975,2.8477755556069537
0.0505,0.018319198322322733,1.0,2.8564395189240996,0.637772150607076,1.1034621316580564,0.9811748201819214,0.957182349251084,2.8564380717792823
0.051000000000000004,0.018276420544544956,1.0,2.864873523320081,0.6410412130275537,1.1003246728216278,0.9812226692141666,0.9597398400929333,2.864873523320081
0.051500000000000004,0.01823364276676718,1.0,2.8731408501676206,0.6442807833069639,1.0971876250524153,0.9812662099702939,0.9622182621466846,2.8731408501676206
0.052000000000000005,0.018190864988989402,1.0,2.8812325022389498,0.647491118359684,1.0940510071977654,0.9813055519147692,0.9646176321803436,2.8812325022389498
0.0525,0.018148087211211625,1.0,2.8891394538785806,0.6506724751000911,1.0909148381050253,0.9813407991965329,0.9669379688493481,2.8891394538785806
0.053,0.018105309433433844,1.0,2.8968526537392663,0.6538251104425623,1.0877791366215417,0.9813720509288495,0.9691792926959069,2.8968526537392663
0.0535,0.018062531655656067,1.0,2.904363027635472,0.6569492813014749,1.084643921594661,0.9813994014522618,0.9713416261483074,2.904363027635472
0.054,0.01801975387787829,1.0,2.9116614815125623,0.6600452445912061,1.0815092118717307,0.9814229405818151,0.9734249935201973,2.9116614815125623
0.0545,0.017976976100100513,1.0,2.9187389045357652,0.6631132572261329,1.078375026300097,0.9814427538396334,0.9754294210098363,2.9187389045357652
0.055,0.017934198322322736,1.0,2.925586172294513,0.6661535761206326,1.075241383727107,0.9814589226738462,0.9773549366993209,2.925586172294513
0.0555,0.017891420544544956,1.0,2.9321941501251367,0.6691664581890825,1.0721083030001077,0.9814715246647937,0.9792015705537787,2.9321941501251367
0.056,0.01784864276676718,1.0,2.9385538493180183,0.6721521565594085,1.0689758026197573,0.9814806333640376,0.9809693546118411,2.9385538493180183
0.0565,0.017805864988989402,1.0,2.944670104932657,0.6751108562957691,1.0658438697417194,0.9814863104773903,0.982658339269742,2.944670104932657
0.057,0.017763087211211625,1.0,2.9505456425805168,0.6780428983496648,1.0627124964258208,0.9814886282622853,0.9842685711681657,2.9505456425805168
0.0575,0.017720309433433848,1.0,2.9561799719175306,0.6809485091942122,1.0595816821108681,0.9814876465010364,0.9858000926273578,2.9561799719175306
0.058,0.017677531655656067,1.0,2.961572634537706,0.6838279153025278,1.0564514262356681,0.9814834220126655,0.9872529459038357,2.961572634537706
0.0585,0.01763475387787829,1.0,2.9667232038702624,0.6866813431477281,1.053321728239027,0.981476008789948,0.9886271731904134,2.9667232038702624
0.059000000000000004,0.017591976100100513,1.0,2.9716312850744657,0.6895090192029294,1.050192587559752,0.9814654581289775,0.9899228166162265,2.9716312850744657
0.059500000000000004,0.017549198322322733,1.0,2.976296514937811,0.6923111699412484,1.0470640036366494,0.9814518187517177,0.9911399182467578,2.976296514937811
0.06,0.01750642054454496,1.0,2.980718561772354,0.6950880218358015,1.043935975908526,0.9814351369219896,0.9922785200838616,2.980718561772354
0.0605,0.01746364276676718,1.0,2.9848971253109173,0.6978398013597052,1.040808503814188,0.9814154565552924,0.9933386640657896,2.9848971253109173
0.061,0.017420864988989402,1.0,2.9888319366048064,0.700566734986076,1.0376815867924427,0.9813928193228467,0.9943203920672145,2.9888319366048064
0.0615,0.017378087211211625,1.0,2.9925227579202796,0.7032690491880303,1.0345552242820963,0.9813672647502146,0.9952237458992561,2.9925227579202796
0.062,0.017335309433433845,1.0,2.9959693826359683,0.7059469704386847,1.0314294157219555,0.9813388303108264,0.996048767309506,2.9959693826359683
0.0625,0.017292531655656068,1.0,2.999171635140228,0.7086007252111557,1.028304160550827,0.9813075515147236,0.996795497982052,2.999171635140228
0.063,0.01724975387787829,1.0,3.0021293707282624,0.7112305399785597,1.025179458207517,0.9812734619928103,0.9974639795375037,3.0021293707282624
0.0635,0.017206976100100514,1.0,3.0047270852733217,0.7138365718372415,1.0220555670948985,0.9812366087721657,0.9980542078404897,3.0047270852733217
0.064,0.017164198322322737,1.0,3.0071724994613716,0.7164191218025054,1.0189320201618426,0.9811969904957174,0.9985663144503664,3.0071724994613716
0.0645,0.017121420544544956,1.0,3.009445990799587,0.7189783919073396,1.0158088609921105,0.9811546370845166,0.9990003196565285,3.009445990799587
0.065,0.01707864276676718,1.0,3.011522305725172,0.7215145815001685,1.012686145758026,0.981109577710104,0.9993562468232244,3.011522305725172
0.0655,0.017035864988989402,1.0,3.0133761741066136,0.7240278899294165,1.009563930631913,0.9810618400695715,0.9996341249234718,3.0133761741066136
0.066,0.01699308721121162,1.0,3.0149823180039417,0.7265185165435079,1.0064422717860957,0.9810114504506259,0.9998339885369363,3.0149823180039417
0.0665,0.016950309433433848,1.0,3.016315461472015,0.7289866606908673,1.0033212253928974,0.9809584337937349,0.9999558778475583,3.016315461472015
0.067,0.016907531655656068,1.0,3.0173503414033305,0.7314325217199189,1.0002008476246425,0.9809028137515378,0.9999998386409267,3.0173503414033305
0.0675,0.01686475387787829,1.0,3.0180617194177044,0.7338562989790872,0.9970811946536546,0.9808446127456656,0.9999659223014006,3.0180617194177044
0.068,0.016821976100100514,1.0,3.0184243947903506,0.7362581918167966,0.9939623226522577,0.980783852021134,0.9998541858089782,3.0184243947903506
0.0685,0.016779198322322733,1.0,3.0184132184246155,0.7386383995814716,0.9908442877927757,0.9807205516984457,0.9996646917359139,3.0184132184246155
0.069,0.016736420544544956,1.0,3.018003107867242,0.7409971216215363,0.9877271462475323,0.9806547308235324,0.9993975082430822,3.018003107867242
0.0695,0.01669364276676718,1.0,3.0171690633644537,0.7433345572854154,0.9846109541888517,0.9805864074156693,0.9990527090760896,3.0171690633644537
0.07,0.016650864988989402,1.0,3.0158861849624192,0.7456509059215332,0.9814957677890576,0.9805155985134696,0.998630373561134,3.0158861849624192
0.07050000000000001,0.016608087211211625,1.0,3.0141422958838167,0.7479463098519299,0.9783816149751418,0.9804423131640402,0.9981305817156679,3.0141422958838167
0.07100000000000001,0.016565309433433845,1.0,3.011864957197574,0.7502210262565967,0.9752686590229213,0.9803665803319657,0.9975534430939018,3.011864957197574
0.07150000000000001,0.016522531655656068,1.0,3.0090462954785386,0.7524752384274433,0.97215691894761,0.9802884099776156,0.9968990513500402,3.0090462954785386
0.07200000000000001,0.01647975387787829,1.0,3.005682768246704,0.7547091218369274,0.9690464044071905,0.9802078097568361,0.9961674996795072,3.005682768246704
0.0725,0.016436976100100514,1.0,3.0017709907371315,0.7569228519575062,0.9659371250596446,0.9801247864769597,0.9953588822031908,3.0017709907371315
0.073,0.016394198322322737,1.0,2.9973077398255907,0.7591166042616376,0.9628290905629543,0.9800393461260446,0.9944732939664918,2.9973077398255907
0.0735,0.016351420544544956,1.0,2.9922899579850752,0.7612905542217789,0.9597223105751018,0.9799514939009578,0.9935108309383658,2.9922899579850752
0.074,0.01630864276676718,1.0,2.986714757273866,0.7634448773103878,0.9566167947540692,0.97986123423437,0.9924715900103578,2.986714757273866
0.0745,0.016265864988989402,1.0,2.980579423353176,0.7655797489999215,0.9535125527578385,0.9797685708207201,0.991355668995629,2.980579423353176
0.075,0.016223087211211625,1.0,2.973881419536564,0.7676953447628377,0.9504095942443919,0.979673506641206,0.9901631666279765,2.973881419536564
0.0755,0.016180309433433848,1.0,2.9666183908698334,0.769791840071594,0.9473079288717113,0.9795760439878562,0.9888941825608455,2.9666183908698334
0.076,0.016137531655656068,1.0,2.9587881682419104,0.7718694103986476,0.944207566297779,0.9794761844867328,0.9875488173663332,2.9587881682419104
0.0765,0.01609475387787829,1.0,2.9503887725265985,0.7739282312164564,0.941108516180577,0.9793739291203137,0.9861271725341866,2.9503887725265985
0.077,0.016051976100100514,1.0,2.9414184187545347,0.7759684779974776,0.9380107881780874,0.9792692782490997,0.9846293504707921,2.9414184187545347
0.0775,0.016009198322322733,1.0,2.9318779255113254,0.7779903198273656,0.9349143864837399,0.9791622306072432,0.9830554516528481,2.9318779255113254
0.078,0.015966420544544956,1.0,2.921771537288405,0.7799939156381207,0.9318193079172178,0.9790527828145615,0.9814055729084513,2.921771537288405
0.0785,0.01592364276676718,1.0,2.9111000650400305,0.7819794290193798,0.9287255575011549,0.9789409320247358,0.9796798153859153,2.9111000650400305
0.079,0.015880864988989402,1.0,2.8998639610343293,0.7839470178489615,0.9256331415128664,0.9788266744573303,0.9778782814350185,2.8998639610343293
0.0795,0.015838087211211625,1.0,2.8880648856271534,0.7858968508573215,0.9225420639156274,0.9787100064896753,0.976001072550197,2.8880648856271534
0.08,0.015795309433433845,1.0,2.875704401273893,0.78782909456664,0.9194523293362145,0.9785909238429026,0.9740482910025534,2.875704401273893
0.0805,0.015752531655656068,1.0,2.862783217131856,0.7897439029347875,0.9163639448132529,0.9784694208743877,0.9720200410911976,2.862783217131856
0.081,0.01570975387787829,1.0,2.8493022499864744,0.7916414299196349,0.9132769173853676,0.9783454914339912,0.9699164277672626,2.8493022499864744
0.0815,0.015666976100100514,1.0,2.835262627398621,0.7935218294790527,0.9101912540911843,0.9782191288780699,0.9677375566331431,2.835262627398621
0.082,0.015624198322322735,1.0,2.8206656908693377,0.7953852555709118,0.9071069619693278,0.978090326083082,0.9654835339417284,2.8206656908693377
0.0825,0.015581420544544956,1.0,2.8055129990196184,0.7972318621530825,0.9040240480584236,0.9779590754588043,0.9631544665956329,2.8055129990196184
0.083,0.01553864276676718,1.0,2.7898063307875387,0.7990618031834358,0.9009425193970969,0.977825368961191,0.9607504621464219,2.7898063307875387
0.0835,0.015495864988989402,1.0,2.7735475752998284,0.8008752318829503,0.8978623832887298,0.9776891980660058,0.9582716290101666,2.7735475752998284
0.084,0.015453087211211624,0.0,2.756648561031564,0.7953448959447359,0.8947838585885056,0.9768974501071944,0.9557182543459056,2.756648561031564
0.0845,0.015410309433433845,0.0,2.73847572888712,0.7807987282833319,0.8917084494473477,0.975201894942323,0.9530917603156094,2.73847572888712
0.085,0.015367531655656068,0.0,2.719010579679237,0.7665186497500392,0.8886362305811663,0.9733856746850476,0.9503924434433153,2.719010579679237
0.0855,0.015324753877878291,0.0,2.6983857407954552,0.7524995718515403,0.8855669222215024,0.9714406840492921,0.9476202828405612,2.6983857407954552
0.08600000000000001,0.015281976100100514,0.0,2.6766492072237953,0.7387368873077171,0.882500443684695,0.9693584181078613,0.944775417062826,2.6766492072237953
0.08650000000000001,0.015239198322322735,0.0,2.6538492329631405,0.7252259888384522,0.8794367142870835,0.9671298915042098,0.9418579765524226,2.6538492329631405
0.08700000000000001,0.015196420544544956,0.0,2.630034256666017,0.7119622691636278,0.8763756533450068,0.9647456217108612,0.9388680836565043,2.630034256666017
0.08750000000000001,0.01515364276676718,0.0,2.6052510230553434,0.6989411531604568,0.8733171845285242,0.9621956192121099,0.9358058570568801,2.6052510230553434
0.088,0.015110864988989402,0.0,2.579526107734986,0.6861581947531594,0.8702612805501466,0.9594694006009976,0.9326714587020489,2.579526107734986
0.0885,0.015068087211211625,0.0,2.552879484837174,0.6736088713871997,0.8672079312486898,0.9565559425807965,0.9294650659069892,2.552879484837174
0.089,0.015025309433433847,0.0,2.5253138699422952,0.6612890599337313,0.8641571700876339,0.9534437748428284,0.9261869022456,2.5253138699422952
0.0895,0.014982531655656068,0.0,2.496832934474585,0.6491946372639075,0.8611090305304593,0.9501209107760319,0.9228371943992444,2.496832934474585
0.09,0.014939753877878291,0.0,2.467441334500476,0.6373214802488817,0.858063546040646,0.9465748493784385,0.9194161721497768,2.467441334500476
0.0905,0.014896976100100514,0.0,2.4371442138247814,0.6256654898995346,0.8550207513926125,0.9427925883220608,0.9159240698929493,2.4371442138247814
0.091,0.014854198322322737,0.0,2.4059414938581627,0.6142226965521508,0.8519806971093951,0.9387606729210022,0.9123611438871174,2.4059414938581627
0.0915,0.014811420544544958,0.0,2.3738327980314806,0.6029890405117536,0.8489434376379204,0.9344651561800552,0.9087276598694045,2.3738327980314806
0.092,0.01476864276676718,0.0,2.3408122312926114,0.5919608323291894,0.8459090448783732,0.9298917783361204,0.9050239101988191,2.3408122312926114
0.0925,0.014725864988989402,0.0,2.30687549465488,0.5811343825553044,0.8428775907309383,0.9250259071275525,0.9012501940219418,2.30687549465488
0.093,0.014683087211211624,0.0,2.2720199541481088,0.5705060017409447,0.8398491470958006,0.919852584398425,0.89740681725623,2.2720199541481088
0.0935,0.014640309433433847,0.0,2.2362446351089798,0.5600720178102752,0.8368237860718162,0.9143565897372166,0.8934940928322543,2.2362446351089798
0.094,0.01459753165565607,0.0,2.1995481154788474,0.5498288867265585,0.8338015856806211,0.9085225649414611,0.8895123483108963,2.1995481154788474
0.0945,0.014554753877878291,0.0,2.161929572334385,0.5397729638932374,0.8307826275507838,0.9023349958750163,0.885461923445533,2.161929572334385
0.095,0.014511976100100514,0.0,2.123389327686027,0.529900947925474,0.8277669958437979,0.8957785329866509,0.8813431691173186,2.123389327686027
0.0955,0.014469198322322735,0.0,2.0839299212122926,0.5202095374384309,0.8247547747211571,0.8888379579512405,0.8771564440678704,2.0839299212122926
0.096,0.014426420544544958,0.0,2.0435562039224586,0.5106954310472703,0.821746048344355,0.8814983056811964,0.872902114876588,2.0435562039224586
0.0965,0.01438364276676718,0.0,2.00227566086613,0.5013553390609817,0.8187409002516094,0.8737450070004773,0.868580555033612,2.00227566086613
0.097,0.014340864988989403,0.0,1.9600988770187628,0.4921860977387905,0.8157394123032292,0.8655641247729355,0.8641921432865626,1.9600988770187628
0.0975,0.014298087211211624,0.0,1.9170353573725976,0.4831844349554745,0.8127416766129799,0.8569423645051816,0.8597372812891289,1.9170353573725976
0.098,0.014255309433433847,0.0,1.8731041657264746,0.4743473965730602,0.809747766189862,0.8478675730817282,0.8552163501210104,1.8731041657264746
0.0985,0.014212531655656068,0.0,1.8283269957452057,0.46567202845357414,0.8067577540428756,0.8383287303517085,0.850629737509785,1.8283269957452057
0.099,0.014169753877878291,0.0,1.782728264108494,0.4571553764590427,0.8037717131810215,0.8283161484471273,0.8459778378083548,1.782728264108494
0.0995,0.014126976100100512,0.0,1.7363359267124867,0.44879449868956345,0.8007897144838323,0.8178216888688072,0.8412610485782678,1.7363359267124867
0.1,0.014084198322322735,0.0,1.6891888016086343,0.44058663644138163,0.7978118049239751,0.8068391537242513,0.8364797350875972,1.6891888016086343
0.1005,0.014041420544544957,0.0,1.641307776931398,0.4325286974536909,0.7948380935551775,0.7953639972184745,0.8316343685757037,1.641307776931398
0.101,0.01399864276676718,0.0,1.5927466298386992,0.4246180751305479,0.7918685997554509,0.7833943544234484,0.8267252809289731,1.5927466298386992
0.1015,0.013955864988989403,0.0,1.5435612755930086,0.41685216287600935,0.7889033429028066,0.7709308198994264,0.8217528054495598,1.5435612755930086
0.10200000000000001,0.013913087211211624,0.0,1.4938097946253674,0.40922835409413194,0.7859423423752558,0.7579766397644414,0.8167172768488312,1.4938097946253674
0.10250000000000001,0.013870309433433847,0.0,1.4435524597225953,0.40174404218897225,0.7829856175508099,0.7445378848862705,0.8116190312407865,1.4435524597225953
0.10300000000000001,0.013827531655656068,0.0,1.3928517633389728,0.39439662056458696,0.7800331878074801,0.7306235998173729,0.8064584061354427,1.3928517633389728
0.10350000000000001,0.013784753877878291,0.0,1.3417879959060601,0.3871836478110184,0.7770850202967348,0.7162461525659057,0.8012356472955714,1.3417879959060601
0.10400000000000001,0.013741976100100512,0.0,1.2904193966017488,0.38010246146533366,0.774141161359142,0.7014208215268525,0.7959511400312115,1.2904193966017488
0.1045,0.013699198322322735,0.0,1.2388396195885236,0.3731507034364014,0.7712015436665167,0.6861665459409663,0.7906050655176606,1.2388396195885236
0.105,0.013656420544544958,0.0,1.1871502890826104,0.3663260958584705,0.7682660721986475,0.6705056899223923,0.7851975468230302,1.1871502890826104
0.1055,0.01361364276676718,0.0,1.1354524667318042,0.3596263608657906,0.765334651935323,0.6544638913975691,0.779728697670736,1.1354524667318042
0.106,0.013570864988989403,0.0,1.0838465229452472,0.3530492205926111,0.7624071878563317,0.6380699626992399,0.7741986224706541,1.0838465229452472
0.1065,0.013528087211211626,0.0,1.032432011205255,0.3465923971731814,0.7594835849414622,0.6213557374988771,0.7686074163495566,1.032432011205255
0.107,0.013485309433433847,0.0,0.9813137805462877,0.34025370029034535,0.756563723684205,0.6043560348682085,0.7629551174939996,0.9813137805462877
0.1075,0.01344253165565607,0.0,0.9305993290336537,0.33403087669315346,0.7536474669890906,0.5871080900243305,0.7572417179164351,0.9305993290336537
0.108,0.013399753877878291,0.0,0.8804019721963575,0.327921765187363,0.7507346439593907,0.5696515741210633,0.7514671291117931,0.8804019721963575
0.1085,0.013356976100100514,0.0,0.8308410250559443,0.3219243737082577,0.74782504346718,0.5520284534423181,0.7456311651906815,0.8308410250559443
0.109,0.013314198322322736,0.0,0.7820310620945258,0.31603671019112145,0.7449184543845331,0.5342822667714238,0.7397336203456979,0.7820310620945258
0.1095,0.013271420544544959,0.0,0.7340816998374806,0.31025678257123795,0.7420146655835248,0.5164576953759047,0.7337742689040778,0.7340816998374806
0.11,0.01322864276676718,0.0,0.6870973941626347,0.3045825987838911,0.7391134659362297,0.4986001096384758,0.7277528653767729,0.6870973941626347
0.1105,0.013185864988989403,0.0,0.6411627985080591,0.2990122083748367,0.7362147145367641,0.480755289178193,0.7216692926923167,0.6411627985080591
0.111,0.013143087211211624,0.0,0.5963811361303432,0.29354370967109944,0.7333181594716044,0.46296878140441794,0.7155231837295495,0.5963811361303432
0.1115,0.013100309433433847,0.0,0.5528944706920642,0.288175104210554,0.7304233097380654,0.44528491056184866,0.7093136322696838,0.5528944706920642
0.112,0.013057531655656068,0.0,0.5107355403446489,0.2829046541073852,0.7275301924964532,0.42774811774279187,0.7030408159959207,0.5107355403446489
0.1125,0.013014753877878291,0.0,0.4699381850372757,0.2777306214757777,0.7246388349070746,0.41040127091154793,0.6967049150346667,0.4699381850372757
0.113,0.012971976100100513,0.0,0.430537362184557,0.27265126842991627,0.7217492641302358,0.39328525639509415,0.6903061119517389,0.430537362184557
0.1135,0.012929198322322736,0.0,0.392569162578536,0.2676648570839857,0.7188615073262433,0.37643861310810683,0.6838445917485123,0.392569162578536
0.114,0.012886420544544959,0.0,0.356070826543796,0.2627696495521706,0.7159755916554037,0.359897215876298,0.677320541858008,0.356070826543796
0.1145,0.01284364276676718,0.0,0.3210572970930712,0.25796393688629965,0.7130917053670696,0.3436942506533238,0.6707345218832943,0.3210572970930712
0.115,0.012800864988989403,0.0,0.287476900142794,0.2532461092364202,0.7102105650828731,0.3278605321608386,0.664088333641649,0.287476900142794
0.1155,0.012758087211211624,0.0,0.25526149231438944,0.24861457244243018,0.7073331918717076,0.31242383799949136,0.6573845576799892,0.25526149231438944
0.116,0.012715309433433847,0.0,0.2243553594360602,0.2440677434488624,0.7044607812051493,0.2974086288595461,0.6506262806165175,0.2243553594360602
0.1165,0.012672531655656068,0.0,0.19469037488767432,0.23960406959692104,0.7015949986044102,0.28283628128808586,0.6438178205683922,0.19469037488767432
0.117,0.012629753877878291,0.0,0.16617531493022722,0.2352220377270178,0.6987382952853185,0.268725309792077,0.6369655410896162,0.16617531493022722
0.11750000000000001,0.012586976100100513,0.0,0.13877443767709807,0.23092014895754584,0.6958934992082411,0.2550908933031235,0.6300769447047676,0.13877443767709807
0.11800000000000001,0.012544198322322736,0.0,0.11246085049363078,0.22669694235551566,0.693064660361514,0.24194564008822453,0.623162789124029,0.11246085049363078
0.11850000000000001,0.012501420544544957,0.0,0.0873729380553175,0.2225509686661115,0.6902559738681706,0.22929864794250787,0.6162345531025784,0.0873729380553175
0.11900000000000001,0.01245864276676718,0.0,0.06367138043452239,0.21848082606070685,0.687474476762383,0.21715771802936895,0.609311189300215,0.06367138043452239
0.11950000000000001,0.012415864988989401,0.0,0.04183257408314458,0.21448512680627055,0.6847283381396861,0.20552784876232555,0.6024151169113436,0.04183257408314458
0.12,0.012373087211211626,0.0,0.02278873166125999,0.21056250224111536,0.6820270852141085,0.19441147397254613,0.5955729018502567,0.02278873166125999
0.1205,0.012330309433433847,0.0,0.008003133199925948,0.20671162242372332,0.6793875189943885,0.183812390364721,0.5888305480937057,0.008003133199925948
0.121,0.01228753165565607,0.0,0.00029806211104471745,0.20293117243070036,0.676831177750322,0.1737333955562469,0.582247649303024,0.00029806211104471745
0.1215,0.012244753877878291,0.0,0.0,0.19921986467833308,0.6743889804820319,0.16417873968439656,0.5759098558738776,0.0
0.122,0.012201976100100514,0.0,0.0,0.19557643445971737,0.6720760555478756,0.1551391739706795,0.5698635466198403,0.0
0.1225,0.012159198322322736,0.0,0.0,0.19199964029352734,0.6698942728579315,0.14659591650160392,0.5641208356320248,0.0
0.123,0.012116420544544959,0.0,0.0,0.1884882637039964,0.6678435762869412,0.1385284941531213,0.5586884407446039,0.0
0.1235,0.01207364276676718,0.0,0.0,0.18504110981929045,0.6659219557499648,0.13091522285704,0.5535674414002861,0.0
0.124,0.012030864988989403,0.0,0.0,0.1816569988060909,0.6641260222111592,0.12373389419302021,0.5487546841772052,0.0
0.1245,0.011988087211211624,0.0,0.0,0.1783347817381689,0.6624505590426668,0.11696192617383895,0.5442414996375673,0.0
0.125,0.011945309433433847,0.0,0.0,0.1750733299131614,0.6608894041649047,0.11057702553435826,0.5400160151694666,0.0
0.1255,0.01190253165565607,0.0,0.0,0.1718715243202923,0.6594359298693083,0.10455753469009413,0.5360644565440693,0.0
0.126,0.011859753877878292,0.0,0.0,0.16872827751830066,0.6580828751542771,0.0988825009235209,0.5323707189489374,0.0
0.1265,0.011816976100100515,0.0,0.0,0.16564252233595497,0.6568229085723024,0.09353194034941942,0.5289179356769027,0.0
0.127,0.011774198322322736,0.0,0.0,0.1626132011751228,0.6556487088162526,0.08848686001325405,0.525688753040344,0.0
0.1275,0.011731420544544959,0.0,0.0,0.1596392841318277,0.654553242820387,0.08372936701095215,0.5226661518163579,0.0
0.128,0.01168864276676718,0.0,0.0,0.15671976123783313,0.6535298667748388,0.07924264522744068,0.5198337871317562,0.0
0.1285,0.011645864988989403,0.0,0.0,0.15385363130852364,0.6525721157663238,0.075010827459409,0.5171754610276451,0.0
0.1285714285714286,0.011639753877878292,0.0,0.0,0.15344848579724088,0.6524403076832239,0.07442621594556324,0.5168090411066717,0.0
0.1290714285714286,0.011674753877878292,0.0,0.0,0.15064218699736456,0.6515505305532207,0.07046766758263867,0.5143318689690319,0.0
0.1295714285714286,0.011709753877878292,0.0,0.0,0.14788721537372776,0.6507144878991747,0.06673343607291975,0.511998524145857,0.0
0.1300714285714286,0.011744753877878291,0.0,0.0,0.14518262688551817,0.6499271543646058,0.06321058006982572,0.5097960109949499,0.0
0.1305714285714286,0.011779753877878291,0.0,0.0,0.1425275061352308,0.6491842244429676,0.059887048189719724,0.5077131664812715,0.0
0.1310714285714286,0.011814753877878292,0.0,0.0,0.13992094597400925,0.6484815934808825,0.05675147146780371,0.5057392395130419,0.0
0.1315714285714286,0.011849753877878292,0.0,0.0,0.13736205734119444,0.6478155803171992,0.05379318614771772,0.5038645381307554,0.0
0.1320714285714286,0.011884753877878292,0.0,0.002967951030824815,0.13484996993585632,0.6471832750527035,0.051002254076647345,0.5020814343898548,0.002967951030824815
0.1325714285714286,0.011919753877878293,0.0,0.1912582815968172,0.1323838268876501,0.6467556376842619,0.048400913900980704,0.5008736819685902,0.1912582815968172
0.1330714285714286,0.011954753877878293,0.0,0.5761520158773097,0.1299627881293493,0.646803668862169,0.04602235416785512,0.5010094066831026,0.5761520158773097
0.1335714285714286,0.011989753877878291,0.0,0.7102360992584354,0.12758602873486963,0.6487035169849752,0.044072760371499195,0.5063631240850975,0.7102360992584354
0.1340714285714286,0.012024753877878292,0.0,0.707794350242479,0.1252527388582876,0.651265937968226,0.042316503764968344,0.513538215915275,0.707794350242479
0.1345714285714286,0.012059753877878292,0.0,0.6955335797918458,0.12296212346010574,0.6538740201061517,0.0406431338367663,0.5207872241700933,0.6955335797918458
0.1350714285714286,0.012094753877878292,0.0,0.6828741153334054,0.12071340208250145,0.6564844830296064,0.03904248130766169,0.5279883584022529,0.6828741153334054
0.1355714285714286,0.012129753877878293,0.0,0.6704347167694282,0.1185058084672399,0.6590944527768663,0.03751120925515901,0.535133631489983,0.6704347167694282
0.1360714285714286,0.012164753877878291,0.0,0.6582616958662505,0.11633859592693781,0.6617036934956739,0.03604650143962379,0.5422224360221243,0.6582616958662505
0.1365714285714286,0.012199753877878292,0.0,0.6463616712452313,0.11421100842264818,0.6643121528451479,0.03464564417725969,0.5492546770901625,0.6463616712452313
0.1370714285714286,0.012234753877878292,0.0,0.6347384339400333,0.11212233632322198,0.6669197906380427,0.03330604507632871,0.5562302965255789,0.6347384339400333
0.1375714285714286,0.012269753877878292,0.0,0.6233954981861646,0.11007187120013837,0.6695265668916685,0.03202519188428095,0.5631492400383724,0.6233954981861646
0.1380714285714286,0.012304753877878293,0.0,0.6123353692756713,0.10805895693110296,0.6721324455324573,0.03080069066075907,0.5700114669098917,0.6123353692756713
0.1385714285714286,0.012339753877878293,0.0,0.6015602500781725,0.10608284344228436,0.6747373910848817,0.02963015382959525,0.5768169409669233,0.6015602500781725
0.1390714285714286,0.012374753877878293,0.0,0.5910702239117154,0.10414280741259663,0.6773413779479018,0.028511294932037502,0.5835656544617651,0.5910702239117154
0.1395714285714286,0.012409753877878292,0.0,0.5808637857112359,0.1022382289604694,0.6799443881723128,0.027441977390326222,0.5902576213504194,0.5808637857112359
0.1400714285714286,0.012444753877878292,0.0,0.5709394007634329,0.1003684882043323,0.6825464038089102,0.026420134039673585,0.596892857061378,0.5709394007634329
0.1405714285714286,0.012479753877878292,0.0,0.5612955105515649,0.098532965262615,0.685147406908489,0.025443766455438555,0.6034713784942055,0.5612955105515649
0.1410714285714286,0.012514753877878293,0.0,0.5519305387067096,0.09673104025374708,0.6877473795218446,0.02451094413756237,0.6099932040181002,0.5519305387067096
0.1415714285714286,0.012549753877878293,0.0,0.5428428970654121,0.0949620932961582,0.6903463036997722,0.023619803568105665,0.6164583534704252,0.5428428970654121
0.1420714285714286,0.012584753877878292,0.0,0.5340309918336568,0.09322550450827799,0.6929441614930673,0.0227685471568094,0.6228668481552178,0.5340309918336568
0.1425714285714286,0.012619753877878292,0.0,0.5254919025813514,0.09152069490908915,0.6955409420753981,0.021955466446973784,0.6292187281906556,0.5254919025813514
0.1430714285714286,0.012654753877878292,0.0,0.5172192614801929,0.08984706697896566,0.6981366535331137,0.021178904638212405,0.6355140802392503,0.5172192614801929
0.1435714285714286,0.012689753877878292,0.0,0.5092097336854493,0.08820398307353707,0.7007312882981573,0.02043724237557695,0.6417529527852776,0.5092097336854493
0.1440714285714286,0.012724753877878293,0.0,0.5014583009009347,0.08659092136478215,0.7033248484400244,0.01972898500923628,0.6479354177874621,0.5014583009009347
0.1445714285714286,0.012759753877878293,0.0,0.49396007103786665,0.08500736002467965,0.7059173360282102,0.01905269144676361,0.6540615470050214,0.49396007103786665
0.1450714285714286,0.012794753877878293,0.0,0.48671027748085144,0.08345277722520833,0.70850875313221,0.01840697307133065,0.6601314119978443,0.48671027748085144
0.1455714285714286,0.012829753877878292,0.0,0.47970427835517143,0.08192665113834695,0.7110991018215191,0.017790492611555905,0.6661450841266681,0.47970427835517143
0.1460714285714286,0.012864753877878292,0.0,0.4729375557957592,0.08042845993607427,0.713688384165633,0.017201962970885377,0.6721026345532553,0.4729375557957592
0.1465714285714286,0.012899753877878293,0.0,0.4664057152172014,0.07895768179036902,0.7162766022340468,0.01664014602383183,0.6780041342405707,0.4664057152172014
0.1470714285714286,0.012934753877878293,0.0,0.46010448458547554,0.07751379487320999,0.718863758096256,0.016103851385862438,0.6838496539529582,0.46010448458547554
0.1475714285714286,0.012969753877878293,0.0,0.45402688338964853,0.07609636889158646,0.7214498701623703,0.015591976256372847,0.6896393006697585,0.45402688338964853
0.1480714285714286,0.013004753877878292,0.0,0.4481673031445394,0.07470480627823703,0.724034949998937,0.015103386458128244,0.6953731647116432,0.4481673031445394
0.1485714285714286,0.013039753877878292,0.0,0.4425201746641263,0.07333865070088172,0.7266190098683002,0.014637054350475107,0.7010513369384458,0.4425201746641263
0.1490714285714286,0.013074753877878292,0.0,0.4370798153801038,0.07199746608588634,0.7292020636255282,0.014192000142434439,0.70667391062131,0.4370798153801038
0.1495714285714286,0.013109753877878293,0.0,0.4318407024152558,0.07068081635961668,0.7317841251256891,0.013767281626880599,0.7122409778616321,0.4318407024152558
0.1500714285714286,0.013144753877878293,0.0,0.42679746800940566,0.06938826544843854,0.7343652082238512,0.013361993166742185,0.7177526295921683,0.42679746800940566
0.1505714285714286,0.013179753877878293,0.0,0.4219448950092846,0.06811937727871774,0.7369453267750827,0.012975264676073961,0.723208955578128,0.4219448950092846
0.1510714285714286,0.013214753877878294,0.0,0.4172779124216475,0.06687371577682005,0.7395244946344517,0.012606260599342252,0.7286100444182488,0.4172779124216475
0.1515714285714286,0.013249753877878292,0.0,0.4127915910296632,0.0656508448691113,0.7421027256570265,0.01225417889198094,0.7339559835458602,0.4127915910296632
0.1520714285714286,0.013284753877878292,0.0,0.408481139073104,0.06445032848195728,0.7446800336978753,0.011918250005014518,0.7392468592299275,0.408481139073104
0.1525714285714286,0.013319753877878293,0.0,0.4043402765223127,0.06327182712003868,0.7472564425320722,0.011597768178462784,0.7444827766338251,0.4043402765223127
0.1530714285714286,0.013354753877878293,0.0,0.4003636577822758,0.062114814970215336,0.7498319711792286,0.011291994314549803,0.7496638294237188,0.4003636577822758
0.1535714285714286,0.013389753877878293,0.0,0.39654616663960285,0.06097892458613891,0.7524066381018724,0.011000271769150818,0.7547901085759312,0.39654616663960285
0.1540714285714286,0.013424753877878292,0.0,0.3928827837439771,0.05986379452967178,0.7549804619810097,0.010721971807624325,0.7598617039558422,0.3928827837439771
0.1545714285714286,0.013459753877878292,0.0,0.3893686172410343,0.058769063362676316,0.7575534614976467,0.010456490769596309,0.7648787038729077,0.3893686172410343
0.1550714285714286,0.013494753877878293,0.0,0.3859988976268043,0.05769436964701491,0.7601256553327896,0.010203249296484584,0.7698411950819055,0.3859988976268043
0.1555714285714286,0.013529753877878293,0.0,0.3827689727175521,0.05663935194454993,0.7626970621674447,0.009961691566916602,0.7747492627841536,0.3827689727175521
0.1560714285714286,0.013564753877878293,0.0,0.37967430273483355,0.055603648817143754,0.765267700682618,0.009731284541338295,0.7796029906286999,0.37967430273483355
0.1565714285714286,0.013599753877878294,0.0,0.37671045550590837,0.05458689882665876,0.7678375895593156,0.009511517216979033,0.7844024607134847,0.37671045550590837
0.1570714285714286,0.013634753877878294,0.0,0.3738731017794298,0.05358874053495732,0.7704067474785438,0.009301899894218982,0.7891477535864753,0.3738731017794298
0.1575714285714286,0.013669753877878292,0.0,0.371157928625628,0.05260887305364669,0.7729751936451198,0.009101978511839096,0.7938389491981166,0.371157928625628
0.1580714285714286,0.013704753877878293,0.0,0.3685600548766554,0.051646902894587156,0.7755429515142059,0.008911294880332807,0.7984761335401835,0.3685600548766554
0.1585714285714286,0.013739753877878293,0.0,0.36607533392220243,0.05070247957676692,0.7781100404580478,0.00872942094968467,0.8030593834178832,0.36607533392220243
0.1590714285714286,0.013774753877878293,0.0,0.3636998500882694,0.04977530619427829,0.7806764789142723,0.008555959097086114,0.8075887723942334,0.3636998500882694
0.15957142857142861,0.013809753877878294,0.0,0.3614297677194349,0.048865085841213594,0.7832422853205063,0.008390527896586977,0.8120643725076928,0.3614297677194349
0.16007142857142861,0.013844753877878292,0.0,0.35926132727261856,0.047971521611665145,0.7858074781143765,0.008232761584816936,0.8164862542731067,0.35926132727261856
0.16057142857142861,0.013879753877878293,0.0,0.35719084152309605,0.04709431659972525,0.7883720757335096,0.008082309536143533,0.8208544866826265,0.35719084152309605
0.16107142857142862,0.013914753877878293,0.0,0.35521469188278915,0.04623317389948624,0.7909360966155327,0.007938835747722126,0.8251691372066005,0.35521469188278915
0.16157142857142862,0.013949753877878293,0.0,0.3533293248310993,0.045387796605040415,0.7934995591980724,0.007802018334835383,0.8294302717944383,0.3533293248310993
0.16207142857142862,0.013984753877878293,0.0,0.3515312484577822,0.0445578878104801,0.7960624819187555,0.007671549036866501,0.8336379548754483,0.3515312484577822
0.16257142857142862,0.014019753877878294,0.0,0.3498170291183081,0.04374315060989761,0.7986248832152089,0.007547132734200683,0.8377922493596469,0.3498170291183081
0.16307142857142862,0.014054753877878294,0.0,0.34818382673258386,0.04294337081399873,0.8011867779746055,0.0074285018725284745,0.8418932109915247,0.34818382673258386
0.16357142857142862,0.014089753877878293,0.0,0.3466278630315555,0.04215818073230946,0.803748187594503,0.0073153725457717825,0.8459409045102304,0.3466278630315555
0.16407142857142862,0.014124753877878293,0.0,0.3451460966637773,0.04138730238166868,0.8063091289441503,0.007207489335724373,0.8499353858785048,0.3451460966637773
0.16457142857142862,0.014159753877878293,0.0,0.3437357883804826,0.04063049623696994,0.8088696171809564,0.007104614133435926,0.8538767070537834,0.3437357883804826
0.16507142857142862,0.014194753877878294,0.0,0.342394238469153,0.039887522773106796,0.8114296674623301,0.007006518663855696,0.8577649187465304,0.342394238469153
0.16557142857142862,0.014229753877878294,0.0,0.3411187845225387,0.03915814246497281,0.8139892949456801,0.006912984147295863,0.8616000704207791,0.3411187845225387
0.16607142857142862,0.014264753877878292,0.0,0.33990679928316336,0.038442115787461546,0.8165485147884152,0.006823800968394876,0.8653822102946547,0.33990679928316336
0.16657142857142862,0.014299753877878293,0.0,0.3387556885643617,0.03773920321546656,0.8191073421479441,0.006738768352696352,0.8691113853408762,0.3387556885643617
0.16707142857142862,0.014334753877878293,0.0,0.3376628892465936,0.0370491652238814,0.8216657921816758,0.006657694050936341,0.8727876412872431,0.3376628892465936
0.16757142857142862,0.014369753877878293,0.0,0.33662586735009953,0.03637176228759964,0.824223880047019,0.006580394031110142,0.8764110226171009,0.33662586735009953
0.16807142857142862,0.014404753877878294,0.0,0.33564211618325124,0.03570675488151483,0.8267816209013825,0.006506692178369769,0.8799815725697906,0.33564211618325124
0.16857142857142862,0.014439753877878294,0.0,0.33470915456691996,0.035053903480520524,0.829339029902175,0.006436420002784344,0.8834993331410771,0.33470915456691996
0.16907142857142862,0.014474753877878294,0.0,0.33382522411575666,0.03441303020673972,0.8318961175004657,0.006369424167024067,0.886964338754331,0.33382522411575666
0.16957142857142862,0.014509753877878295,0.0,0.33298807884502146,0.03378386675206942,0.8344528975604449,0.0063055463491046675,0.8903766274954699,0.33298807884502146
0.17007142857142862,0.014544753877878293,0.0,0.33219538254502473,0.03316616125822118,0.8370093846902551,0.006244637449488224,0.893736237283803,0.33219538254502473
0.17057142857142862,0.014579753877878293,0.0,0.33144538247470917,0.032559723845048155,0.8395655896845649,0.006186562293404191,0.8970431999469544,0.33144538247470917
0.17107142857142862,0.014614753877878294,0.0,0.3307363412131342,0.0319643646324035,0.8421215233380434,0.00613119133483968,0.9002975464276001,0.3307363412131342
0.17157142857142862,0.014649753877878294,0.0,0.33006653567264027,0.03137989374014037,0.8446771964453593,0.006078400457741452,0.903499306783706,0.33006653567264027
0.17207142857142863,0.014684753877878293,0.0,0.32943425615036226,0.030806121288111925,0.8472326198011818,0.006028070782153706,0.9066485101887589,0.32943425615036226
0.17257142857142863,0.014719753877878293,0.0,0.3288378054183889,0.030242857396171326,0.8497878042001796,0.005980088475298361,0.9097451849319858,0.3288378054183889
0.17307142857142863,0.014754753877878293,0.0,0.3282754978521031,0.029689912184171725,0.8523427604370217,0.005934344567595314,0.912789358418565,0.3282754978521031
0.17357142857142863,0.014789753877878294,0.0,0.3277456585973927,0.029147095771966284,0.854897499306377,0.0058907347736123095,0.9157810571698286,0.3277456585973927
0.17407142857142863,0.014824753877878294,0.0,0.3272466227761542,0.028614218279408157,0.8574520316029144,0.005849159317926595,0.918720306823454,0.3272466227761542
0.17457142857142863,0.014859753877878294,0.0,0.3267767347302382,0.0280910898263505,0.8600063681213027,0.005809522765873118,0.9216071321336472,0.3267767347302382
0.17507142857142863,0.014894753877878295,0.0,0.3263343473041156,0.027577520532646477,0.862560519656211,0.0057717338591478555,0.924441556971317,0.3263343473041156
0.17557142857142863,0.014929753877878295,0.0,0.3259187460282056,0.0270733905634204,0.8651144906999961,0.005735711423181542,0.9272235975235142,0.3259187460282056
0.17607142857142863,0.014964753877878293,0.0,0.32552835319277934,0.026578458006447845,0.8676682916647768,0.00570136716117015,0.9299532758763256,0.32552835319277934
0.17657142857142863,0.014999753877878294,0.0,0.3251617314964445,0.026092534979699974,0.8702219320501348,0.005668621451443894,0.9326306123168007,0.3251617314964445
0.17707142857142863,0.015034753877878294,0.0,0.3248178325420991,0.025615473009594263,0.8727754187406254,0.005637401356279361,0.9352556236935071,0.3248178325420991
0.17757142857142863,0.015069753877878294,0.0,0.32449561248056696,0.02514712362254819,0.8753287586208042,0.005607636991570099,0.9378283262918812,0.32449561248056696
0.17807142857142863,0.015104753877878293,0.0,0.32419403166880656,0.02468733834497924,0.8778819585752268,0.00557926141724233,0.9403487358343094,0.32419403166880656
0.17857142857142863,0.015139753877878293,0.0,0.32391205434389025,0.02423596870330489,0.8804350254884488,0.005552210530568372,0.9428168674802084,0.32391205434389025
0.17907142857142863,0.015174753877878294,0.0,0.3236486483124759,0.023792866223942617,0.8829879662450254,0.005526422962360846,0.9452327358260988,0.3236486483124759
0.17957142857142863,0.015209753877878294,0.0,0.3234027846560492,0.02335788243330991,0.8855407877295124,0.0055018399760278095,0.9475963549056778,0.3234027846560492
0.18007142857142863,0.015244753877878294,0.0,0.3231734374518428,0.02293086885782424,0.8880934968264652,0.00547840536946574,0.9499077381898866,0.3231734374518428
0.18057142857142863,0.015279753877878294,0.0,0.3229595835093781,0.02251167702390309,0.8906461004204393,0.00545606537976468,0.9521668985869735,0.3229595835093781
0.18107142857142863,0.015314753877878295,0.0,0.32276020212261075,0.02210015845796394,0.8931986053959903,0.005434768590697185,0.9543738484425544,0.32276020212261075
0.18157142857142863,0.015349753877878295,0.0,0.3225742748378643,0.021696164686424265,0.8957510186376737,0.005414465842960392,0.9565285995396694,0.3225742748378643
0.18207142857142863,0.015384753877878294,0.0,0.3224008166579659,0.02129955026746969,0.8983033468147693,0.005395110326682827,0.9586311629236917,0.3224008166579659
0.18257142857142863,0.015419753877878294,0.0,0.3222399225576239,0.020910238012558167,0.9008555892077479,0.005376661217818438,0.9606815432346286,0.3222399225576239
0.18307142857142863,0.015454753877878294,0.0,0.3220901848865974,0.020528003646315462,0.9034077554013635,0.005359071009197329,0.9626797531335888,0.3220901848865974
0.18357142857142864,0.015489753877878295,0.0,0.32195100009314875,0.02015273176448378,0.9059598494805321,0.005342300537658531,0.9646258003611032,0.32195100009314875
0.18407142857142864,0.015524753877878293,0.0,0.3218217656761124,0.019784306962805313,0.9085118755301693,0.005326312279999801,0.9665196923239711,0.3218217656761124
0.18457142857142864,0.015559753877878293,0.0,0.3217018800903268,0.019422613837022262,0.9110638376351909,0.00531107029385143,0.9683614360952812,0.3217018800903268
0.18507142857142864,0.015594753877878294,0.0,0.3215907426575059,0.019067536982876835,0.9136157398805128,0.0052965401601526825,0.9701510384144351,0.3215907426575059
0.18557142857142864,0.015629753877878294,0.0,0.32148775348284475,0.01871896099611122,0.9161675863510506,0.005282688927216402,0.9718885056871658,0.32148775348284475
0.18607142857142864,0.015664753877878294,0.0,0.3213923133767874,0.01837677047246763,0.9187193811317201,0.005269485056366196,0.9735738439855577,0.3213923133767874
0.18657142857142864,0.015699753877878295,0.0,0.3213038237826773,0.018040850007688257,0.9212711283074373,0.005256898369129374,0.975207059048064,0.3213038237826773
0.18707142857142864,0.015734753877878295,0.0,0.32122168670971646,0.017711084197515305,0.9238228319631177,0.005244899995967688,0.9767881562795223,0.32122168670971646
0.18757142857142864,0.015769753877878295,0.0,0.32114530467143915,0.01738735763769097,0.9263744961836771,0.005233462326526991,0.9783171407511705,0.32114530467143915
0.18807142857142864,0.015804753877878296,0.0,0.32107408062969706,0.017069554923957456,0.9289261250540315,0.005222558961385906,0.9797940172006593,0.32107408062969706
0.18857142857142864,0.015839753877878296,0.0,0.32100741794439797,0.01675756065205696,0.9314777226590963,0.005212164665282745,0.9812187900320651,0.32100741794439797
0.18907142857142864,0.015874753877878296,0.0,0.32094501008168635,0.016451295168765454,0.9340292910940741,0.005202256726419765,0.9825914622657983,0.32094501008168635
0.18957142857142864,0.015909753877878293,0.0,0.3208866658983771,0.01615064806687609,0.9365808316631397,0.005192812169993373,0.9839120363498439,0.3208866658983771
0.19007142857142864,0.015944753877878293,0.0,0.32083163959433403,0.01585546085215433,0.9391323494809434,0.005183807258371562,0.9851805164811599,0.32083163959433403
0.19057142857142864,0.015979753877878294,0.0,0.3207796044499507,0.015565645569732443,0.9416838467857661,0.005175221976487026,0.986396905097176,0.3207796044499507
0.19107142857142864,0.016014753877878294,0.0,0.32073023389622385,0.015281114264742685,0.944235325815889,0.005167037145922362,0.9875612044525598,0.32073023389622385
0.19157142857142864,0.016049753877878294,0.0,0.3206832015004856,0.015001778982317315,0.9467867888095931,0.005159234394751695,0.9886734166192206,0.3206832015004856
0.19207142857142864,0.016084753877878295,0.0,0.32063818095362506,0.014727551767588595,0.9493382380051594,0.0051517961282066226,0.9897335434863125,0.32063818095362506
0.19257142857142864,0.016119753877878295,0.0,0.3205948460590753,0.014458344665688789,0.951889675640869,0.005144705500157786,0.9907415867602368,0.3205948460590753
0.19307142857142864,0.016154753877878295,0.0,0.32055287072353006,0.014194069721750155,0.9544411039550029,0.005137946385402935,0.9916975479646446,0.32055287072353006
0.19357142857142864,0.016189753877878296,0.0,0.32051192894903824,0.013934638980904955,0.9569925251858424,0.005131503352751844,0.9926014284404384,0.32051192894903824
0.19407142857142864,0.016224753877878292,0.0,0.3204716948271414,0.01367996448828545,0.9595439415716682,0.005125361638897956,0.9934532293457736,0.3204716948271414
0.19457142857142865,0.016259753877878293,0.0,0.3204318425343523,0.0134299582890239,0.9620953553507617,0.005119507123066299,0.9942529516560599,0.3204318425343523
0.19507142857142865,0.016294753877878293,0.0,0.3203920463294002,0.013184532428252568,0.9646467687614038,0.005113926302426722,0.9950005961639614,0.3203920463294002
0.19557142857142865,0.016329753877878293,0.0,0.3203519805521673,0.012943598951103714,0.9671981840418754,0.005108606268261255,0.9956961634793973,0.3203519805521673
0.19607142857142865,0.016364753877878294,0.0,0.3203113196242072,0.012707069902709598,0.9697496034304578,0.005103534682873954,0.9963396540295417,0.3203113196242072
0.19657142857142865,0.016399753877878294,0.0,0.3202697380509551,0.012474857328202481,0.972301029165432,0.00509869975723138,0.996931068058823,0.3202697380509551
0.19707142857142865,0.016434753877878294,0.0,0.3202274529069145,0.01224693386315343,0.974852459755732,0.005094091717441827,0.9974704048786517,0.3202274529069145
0.19757142857142865,0.016469753877878295,0.0,0.3201839798455808,0.01202315200763785,0.9774038985322362,0.00508969825726803,0.9979576647938341,0.3201839798455808
0.19807142857142865,0.016504753877878295,0.0,0.32013910633184756,0.01180343870486574,0.9799553469579084,0.005085509453403173,0.9983928475376886,0.32013910633184756
0.19857142857142865,0.016539753877878295,0.0,0.32009266315745516,0.011587727853717643,0.9825068061982628,0.005081515965305678,0.9987759526824594,0.32009266315745516
0.19907142857142865,0.016574753877878295,0.0,0.3200444811740786,0.0113759533530741,0.9850582774188136,0.005077708844571217,0.9991069797052274,0.3200444811740786
0.19957142857142865,0.016609753877878296,0.0,0.31999439129775287,0.011168049101815652,0.9876097617850751,0.0050740795206853815,0.9993859279879097,0.31999439129775287
0.20007142857142865,0.016644753877878296,0.0,0.31994222451372945,0.010963948998822838,0.9901612604625616,0.005070619787173501,0.9996127968172578,0.31994222451372945
0.20057142857142865,0.016679753877878296,0.0,0.3198878118818356,0.010763586942976201,0.9927127746167872,0.005067321788142887,0.999787585384857,0.3198878118818356
0.20107142857142865,0.016714753877878297,0.0,0.31983098454208125,0.010566896833156281,0.9952643054132662,0.005064178005212543,0.9999102927871247,0.31983098454208125
0.20157142857142865,0.016749753877878297,0.0,0.31977157372089776,0.010373812568243618,0.9978158540175127,0.005061181244825229,0.9999809180253088,0.31977157372089776
0.20207142857142865,0.016784753877878294,0.0,0.31970941073773396,0.010184268047118755,1.000367421595041,0.0050583246259365755,0.999999460005486,0.31970941073773396
0.20257142857142865,0.016819753877878294,0.0,0.31964432701224826,0.00999819716866223,1.0029190093113658,0.005055601568075764,0.9999659175385607,0.31964432701224826
0.20307142857142865,0.016854753877878294,0.0,0.31957615407178347,0.009815533831754587,1.0054706183320006,0.005053005779772182,0.9998802893402623,0.31957615407178347
0.20357142857142865,0.016889753877878295,0.0,0.31950472355921744,0.009636211935276364,1.00802224982246,0.005050531247342269,0.9997425740311442,0.31950472355921744
0.20407142857142865,0.016924753877878295,0.0,0.3194298672416116,0.009460165378108103,1.010573904948258,0.005048172224030676,0.9995527701365808,0.3194298672416116
0.20457142857142865,0.016959753877878295,0.0,0.3193515614170587,0.009287369479899207,1.013125583880868,0.005045923874756503,0.9993108761911452,0.3193515614170587
0.20507142857142865,0.016994753877878296,0.0,0.31926976834440535,0.009117753267558733,1.015677286888891,0.005043780823520129,0.9990168907032136,0.31926976834440535
0.20557142857142865,0.017029753877878296,0.0,0.31918423856758243,0.008951204821709425,1.018229015699292,0.005041737331984816,0.9986708119465398,0.31918423856758243
0.20607142857142866,0.017064753877878296,0.0,0.3190948929930784,0.008787676357996318,1.0207807708671435,0.0050397888997061125,0.9982726382486691,0.3190948929930784
0.20657142857142866,0.017099753877878293,0.0,0.31900165264041364,0.008627120092064452,1.0233325529475181,0.005037931212443022,0.997822367891805,0.31900165264041364
0.20707142857142866,0.017134753877878293,0.0,0.31890443864711643,0.008469488239558863,1.0258843624954888,0.005036160135533978,0.9973199991128086,0.31890443864711643
0.20757142857142866,0.017169753877878294,0.0,0.3188031722734342,0.008314733016124592,1.0284362000661282,0.005034471707450816,0.9967655301031965,0.3188031722734342
0.20807142857142866,0.017204753877878294,0.0,0.3186977749077703,0.008162806637406678,1.030988066214509,0.00503286213352884,0.9961589590091409,0.3186977749077703
0.20857142857142866,0.017239753877878294,0.0,0.31858816807156176,0.008013661319050156,1.0335399614957044,0.00503132777987094,0.9955002839314667,0.31858816807156176
0.20907142857142866,0.017274753877878295,0.0,0.3184742734248461,0.007867249276700069,1.0360918864647866,0.00502986516742369,0.9947895029256518,0.3184742734248461
0.20957142857142866,0.017309753877878295,0.0,0.3183560127714716,0.007723522726001449,1.0386438416768284,0.005028470966223211,0.9940266140018249,0.3183560127714716
0.21007142857142866,0.017344753877878295,0.0,0.3182333080646473,0.0075824338825993395,1.0411958276869029,0.005027141989808558,0.993211615124764,0.3182333080646473
0.21057142857142866,0.017379753877878296,0.0,0.31810608141254004,0.007443934962138777,1.0437478450500826,0.005025875189800289,0.9923445042138959,0.31810608141254004
0.21107142857142866,0.017414753877878296,0.0,0.3179742550839734,0.007307978180264799,1.0462998943214403,0.00502466765064181,0.9914252791432938,0.3179742550839734
0.21157142857142866,0.017449753877878296,0.0,0.31783775151421,0.007174515752622446,1.0488519760560489,0.005023516584501038,0.9904539377416769,0.31783775151421
0.21207142857142866,0.017484753877878297,0.0,0.3176964933109637,0.007043499894856755,1.0514040908089808,0.005022419326329854,0.9894304777924082,0.3176964933109637
0.21257142857142866,0.017519753877878297,0.0,0.3175504032601839,0.006914882822612764,1.053956239135309,0.005021373329078782,0.9883548970334934,0.3175504032601839
0.21307142857142866,0.017554753877878297,0.0,0.31739940433236336,0.0067886167515355126,1.0565084215901062,0.005020376159064247,0.9872271931575793,0.31739940433236336
0.21357142857142866,0.017589753877878297,0.0,0.3172434196886357,0.006664653897270037,1.0590606387284454,0.005019425491485781,0.9860473638119522,0.3172434196886357
0.21407142857142866,0.017624753877878294,0.0,0.3170842013756918,0.006542970655182008,1.0616128784717083,0.0050185193240889,0.984815412825722,0.3170842013756918
0.21457142857142866,0.017659753877878295,0.0,0.3169209673715544,0.006423534936602013,1.0641651462409865,0.005017655656558759,0.9835313360314912,0.3169209673715544
0.21507142857142866,0.017694753877878295,0.0,0.3167493964133194,0.006306257942158899,1.0667174719274712,0.005016832087313864,0.9821951157584283,0.3167493964133194
0.21557142857142866,0.017729753877878295,0.0,0.3165702376382916,0.006191106197726602,1.0692698503985363,0.005016046805466755,0.9808067513030576,0.3165702376382916
0.21607142857142866,0.017764753877878296,0.0,0.316384239638614,0.00607804622917906,1.0718222765215555,0.005015298075002401,0.9793662423810449,0.316384239638614
0.21657142857142866,0.017799753877878296,0.0,0.31619215037605625,0.005967044562390211,1.0743747451639027,0.005014584232112974,0.9778735891272181,0.31619215037605625
0.21707142857142867,0.017834753877878296,0.0,0.31599471710565374,0.00585806772323399,1.0769272511929517,0.0050139036826047,0.976328792095586,0.31599471710565374
0.21757142857142867,0.017869753877878296,0.0,0.31579268630784824,0.005751082237584335,1.0794797894760761,0.005013254899375957,0.9747318522593544,0.31579268630784824
0.21807142857142867,0.017904753877878297,0.0,0.3155868036295154,0.005646054631315183,1.08203235488065,0.005012636419965744,0.9730827710109403,0.3155868036295154
0.21857142857142867,0.017939753877878294,0.0,0.31537781383356756,0.00554295143030047,1.0845849422740472,0.005012046844171632,0.9713815501619844,0.31537781383356756
0.21907142857142867,0.017974753877878294,0.0,0.31516646075749777,0.005441739160414133,1.0871375465236413,0.005011484831736258,0.969628191943361,0.31516646075749777
0.21957142857142867,0.018009753877878294,0.0,0.31495348728013395,0.005342384347530109,1.089690162496806,0.005010949100101413,0.9678226990051861,0.31495348728013395
0.22007142857142867,0.018044753877878295,0.0,0.3147396352976083,0.005244853517522336,1.0922427850609155,0.005010438422228733,0.9659650744168229,0.3147396352976083
0.22057142857142867,0.018079753877878295,0.0,0.3145256457078835,0.0051491131962647495,1.0947954090833432,0.005009951624486006,0.9640553216668865,0.3145256457078835
0.22107142857142867,0.018114753877878295,0.0,0.3143122584036911,0.005055129909631287,1.0973480294314633,0.005009487584598056,0.9620934446632439,0.3143122584036911
0.22157142857142867,0.018149753877878295,0.0,0.3141002122746658,0.0049628701834958855,1.0999006409726493,0.005009045229661159,0.9600794477330153,0.3141002122746658
0.22207142857142867,0.018184753877878296,0.0,0.3138902452177816,0.004872300543732481,1.1024532385742751,0.005008623534219939,0.9580133356225706,0.3138902452177816
0.22257142857142867,0.018219753877878296,0.0,0.313683094156711,0.004783387516215013,1.1050058171037145,0.005008221518405644,0.9558951134975251,0.3136601239873374
0.22307142857142867,0.018254753877878296,0.0,0.3134794950696683,0.0046960976268174155,1.1075583714283415,0.005007838246134732,0.9537247869427318,0.3133643936891373
0.22357142857142867,0.018289753877878297,0.0,0.31328018302637617,0.004610397401413626,1.1101108964155295,0.005007472823366633,0.9515023619622741,0.3130024850113844
0.22407142857142867,0.018324753877878297,0.0,0.31318045071304124,0.0045262972920231525,1.1126627295577634,0.005007124597143429,0.9492284374743771,0.3126697627035323
0.22457142857142867,0.018359753877878297,0.0,0.3131554415225922,0.004443719712239839,1.1152140433192907,0.005006792525706118,0.9469028968880824,0.3123414045559501
0.22507142857142867,0.018394753877878298,0.0,0.3131989306353126,0.0043626369862324885,1.1177648809083736,0.00500647586267826,0.9445257312985463,0.3120112218176553
0.22557142857142867,0.018429753877878298,0.0,0.31331041255593567,0.004283025722002081,1.1203152459374064,0.005006173912370081,0.9420969663800857,0.3116787477249109
0.22607142857142867,0.018464753877878295,0.0,0.31348940366614025,0.004204862527549599,1.1228651420187827,0.00500588600781163,0.9396166275068174,0.31134353698507966
0.22657142857142867,0.018499753877878295,0.0,0.31373544166263023,0.004128124010876021,1.1254145727648972,0.00500561150973633,0.9370847397527933,0.3110051652148869
0.22707142857142867,0.018534753877878295,0.0,0.31404808499954306,0.0040527867799823305,1.1279635417881437,0.005005349805591434,0.9345013278921359,0.3106632283830117
0.22757142857142867,0.018569753877878296,0.0,0.3144269123354066,0.0039788274428695074,1.1305120527009163,0.005005100308575148,0.931866416399173,0.31031734225722507
0.22807142857142867,0.018604753877878296,0.0,0.31487152198402485,0.0039062226075385334,1.1330601091156092,0.005004862456700129,0.9291800294485687,0.3099671418554548
0.22857142857142868,0.018639753877878296,0.0,0.3153815313701664,0.0038349488819903886,1.1356077146446164,0.005004635711883072,0.9264421909154572,0.30961228090165294
0.22907142857142868,0.018674753877878297,0.0,0.315956576489091,0.0037649828742260544,1.138154872900332,0.00500441955906009,0.9236529243755726,0.3092524312854987
0.22957142857142868,0.018709753877878297,0.0,0.3165963113705689,0.003696301192246512,1.14070158749515,0.005004213505327556,0.9208122531053785,0.3088872825265932
0.23007142857142868,0.018744753877878297,0.0,0.3173004075473944,0.003628880444052742,1.1432478620414648,0.005004017079108083,0.9179202000821979,0.30851654124314754
0.23057142857142868,0.018779753877878294,0.0,0.31806855352791896,0.003562697237645726,1.1457937001516703,0.005003829829341301,0.9149767879843395,0.3081399306246881
0.23107142857142868,0.018814753877878294,0.0,0.31890045427307745,0.003497728181026445,1.1483391054381606,0.005003651324699066,0.911982039191225,0.30775718990925405
0.23157142857142868,0.018849753877878295,0.0,0.31979583067765305,0.0034339498821958792,1.1508840815133299,0.005003481152824759,0.9089359757835153,0.30736807386483234
0.23207142857142868,0.018884753877878295,0.0,0.320754419055835,0.00337133894915501,1.1534286319895721,0.005003318919596273,0.9058386195432337,0.30697235227508357
0.23257142857142868,0.018919753877878295,0.0,0.3217759706311975,0.003309871989904819,1.1559727604792813,0.005003164248412332,0.902689991953891,0.306569809429488
0.23307142857142868,0.018954753877878296,0.0,0.3228602510308801,0.003249525612446287,1.1585164705948519,0.005003016779501732,0.8994901142006059,0.30616024361769156
0.23357142857142868,0.018989753877878296,0.0,0.3240085962915802,0.003190298977060123,1.1610597553109065,0.005002876234190901,0.8962390208767637,0.30574502982184915
0.23407142857142868,0.019024753877878296,0.0,0.3252225065534312,0.003132162331384824,1.1636026066533867,0.0050027422608035265,0.8929367483848689,0.3053257085170863
0.23457142857142868,0.019059753877878297,0.0,0.3265008723521925,0.003075074308077278,1.166145034599676,0.0050026144935642995,0.8895833099114898,0.30490119917496045
0.23507142857142868,0.019094753877878297,0.0,0.3278435647150919,0.003019018885911783,1.1686870425100055,0.005002492653743286,0.8861787267569103,0.3044714053601448
0.23557142857142868,0.019129753877878297,0.0,0.3292504681944031,0.0029639800436626353,1.1712286337446072,0.00500237647402707,0.8827230199438207,0.30403624378707533
0.23607142857142868,0.019164753877878297,0.0,0.3307214804033388,0.002909941760104133,1.1737698116637119,0.005002265698119247,0.8792162102174325,0.3035956438559978
0.23657142857142868,0.019199753877878298,0.0,0.33225651155515407,0.0028568880140105732,1.176310579627551,0.005002160080351284,0.8756583180455879,0.30314954719222087
0.23707142857142868,0.019234753877878298,0.0,0.33385548400609055,0.0028048027841562533,1.1788509409963566,0.005002059385303665,0.8720493636188711,0.30269790718920947
0.23757142857142868,0.0192697538778783,0.0,0.3355183318025019,0.0027536700493154703,1.1813908991303592,0.005001963387437212,0.8683893668507194,0.3022406885558608
0.23807142857142868,0.019304753877878295,0.0,0.33724500023069526,0.0027034737882625217,1.183930457389791,0.005001871870734474,0.864678347377529,0.30177786686648944
0.23857142857142868,0.019339753877878296,0.0,0.3390354453719323,0.0026541979797717044,1.186469619134883,0.005001784628351072,0.8609163245587668,0.30130942811597816
0.23907142857142868,0.019374753877878296,0.0,0.34088963365957886,0.0026058266026173157,1.1890083877258668,0.005001701462276904,0.8571033174770736,0.3008353682770687
0.23957142857142869,0.019409753877878296,0.0,0.3428075414414565,0.0025583436355736534,1.1915467665229735,0.005001622183007054,0.8532393449383738,0.30035569286286024
0.24007142857142869,0.019444753877878296,0.0,0.3447891545447522,0.0025117330574150145,1.194084758886435,0.005001546609222304,0.8493244254719776,0.2998704164918586
0.24057142857142869,0.019479753877878297,0.0,0.34683446784537786,0.0024659788469156957,1.1966223681764823,0.005001474567479113,0.8453585773306874,0.2993795624574779
0.2410714285714287,0.019514753877878297,0.0,0.3489434848408723,0.002421064982849995,1.199159597753347,0.005001405891908922,0.8413418184909003,0.29888316230108286
0.2415714285714287,0.019549753877878294,0.0,0.3511162172268022,0.0023769754439922097,1.2016964509772603,0.005001340423926651,0.8372741666527106,0.29838125538852756
0.2420714285714287,0.019584753877878294,0.0,0.3533526844773164,0.002333694209116636,1.2042329312084539,0.005001278011948244,0.8331556392400118,0.29787388849084706
0.2425714285714287,0.019619753877878295,0.0,0.3556529134289685,0.0022912052569975727,1.206769041807159,0.005001218511117118,0.8289862534005973,0.29736111536821674
0.2430714285714287,0.019654753877878295,0.0,0.3580169378687329,0.002249492566409316,1.2093047861336073,0.005001161783039363,0.8247660260062597,0.29684299635810346
0.2435714285714287,0.019689753877878295,0.0,0.3604447981253263,0.0022085401161261635,1.21184016754803,0.0050011076955275464,0.8204949736528905,0.2963195979667199
0.2440714285714287,0.019724753877878295,0.0,0.3629364209875974,0.0021683406679315707,1.2143751901834678,0.005001056136047568,0.816173111335208,0.2957908718561905
0.2445714285714287,0.019759753877878296,0.0,0.36549125639376345,0.002128899182939662,1.2169098612675093,0.005001007014684354,0.8118004483396395,0.2952562885662875
0.2450714285714287,0.019794753877878296,0.0,0.3681096046647969,0.0020901656552785794,1.219444182553917,0.005000960162576569,0.8073770029729725,0.29471617511985493
0.2455714285714287,0.019829753877878296,0.0,0.3707914381748341,0.002052129574800038,1.2219781579444413,0.005000915478517082,0.8029027895823706,0.2941705276313489
0.2460714285714287,0.019864753877878297,0.0,0.373536732395697,0.0020147804313557565,1.2245117913408325,0.005000872865401923,0.7983778221957218,0.2936193448812776
0.2465714285714287,0.019899753877878297,0.0,0.37634546545352604,0.001978107714797451,1.227045086644841,0.005000832230088818,0.7938021145217465,0.29306262787297965
0.2470714285714287,0.019934753877878297,0.0,0.3792176176903624,0.0019421009149768393,1.229578047758217,0.005000793483259294,0.7891756799501033,0.2925003793943489
0.2475714285714287,0.019969753877878298,0.0,0.38215317123087916,0.0019067495217456383,1.2321106785827107,0.005000756539284333,0.7844985315514942,0.2919326035847082
0.2480714285714287,0.020004753877878298,0.0,0.3851521095540215,0.0018720430249555653,1.2346429830200731,0.005000721316093545,0.7797706820777667,0.29135930550658834
0.2485714285714287,0.020039753877878298,0.0,0.38821441707003934,0.0018379709144583371,1.237174964972054,0.005000687735047819,0.7749921439620198,0.2907804907229024
0.2490714285714287,0.0200747538778783,0.0,0.3913400787018241,0.0018045226801056712,1.239706628340404,0.005000655720815421,0.7701629293187019,0.2901961648784154
0.2495714285714287,0.0201097538778783,0.0,0.39452907947216304,0.0017716878117492848,1.2422379770268732,0.005000625201251507,0.7652830499437122,0.2896063332871375
0.2500714285714287,0.0201447538778783,0.0,0.3977814040952138,0.001739455799240893,1.2447690149332125,0.0050005961072810004,0.7603525173144993,0.28901100052392914
0.25057142857142867,0.020179753877878293,0.0,0.4010970365736583,0.0017078161324322202,1.2472997459611714,0.005000568372784807,0.7553713425901603,0.2884101700217904
0.2510714285714287,0.0202147538778783,0.0,0.40447595980048007,0.0016767583011749712,1.2498301740125015,0.005000541934489308,0.7503395366115329,0.2878038436737634
0.25157142857142867,0.020249753877878293,0.0,0.4079181551657678,0.0016462717953208772,1.2523603029889516,0.005000516731859106,0.7452571099012981,0.2871920214398719
0.2520714285714287,0.0202847538778783,0.0,0.4114236021690044,0.0016163461047216414,1.2548901367922736,0.005000492706992963,0.7401240726640643,0.2865747009595291
0.25257142857142867,0.020319753877878294,0.0,0.4149922780355148,0.0015869707192289943,1.2574196793242167,0.0050004698045228915,0.7349404347864696,0.285951877168118
0.2530714285714287,0.0203547538778783,0.0,0.41862415733927444,0.0015581351286946404,1.259948934486532,0.005000447971516352,0.7297062058372668,0.2853235419199184
0.25357142857142867,0.020389753877878294,0.0,0.422319211628953,0.0015298288229703093,1.2624779061809692,0.005000427157381496,0.7244213950674172,0.28468968361427643
0.2540714285714287,0.020424753877878298,0.0,0.42607740906108116,0.0015020412919077057,1.2650065983092795,0.0050004073137754285,0.7190860114101767,0.2840502868288892
0.25457142857142867,0.020459753877878295,0.0,0.4298987140362317,0.0014747620253585591,1.2675350147732123,0.005000388394515404,0.7137000634811883,0.28340533195610684
0.2550714285714287,0.0204947538778783,0.0,0.43378308684166034,0.0014479805131745746,1.270063159474519,0.005000370355492941,0.7082635595785619,0.282754794845687
0.25557142857142867,0.020529753877878296,0.0,0.43773048329838743,0.001421686245207481,1.2725910363149489,0.005000353154590768,0.702776507682969,0.2820986464519982
0.2560714285714287,0.0205647538778783,0.0,0.4417410044972393,0.0013958758841915609,1.2751186483177819,0.005000336757139421,0.6972389173911866,0.2814370042059844
0.2565714285714287,0.020599753877878296,0.0,0.44581489520510326,0.0013705535345289001,1.2776459976552272,0.005000321135244317,0.6916507999441341,0.2807701304898259
0.25707142857142873,0.020634753877878297,0.0,0.449951611706983,0.001345684895361097,1.2801730910726046,0.005000306233571564,0.6860121561552881,0.28009749019840424
0.2575714285714287,0.020669753877878297,0.0,0.45415119486467936,0.0013212632987224242,1.2826999318550614,0.00500029202008939,0.6803229941165747,0.27941913879076086
0.25807142857142873,0.020704753877878297,0.0,0.45841368137169053,0.0012972820766471319,1.2852265232877478,0.005000278464060412,0.6745833216527355,0.2787351271964292
0.2585714285714287,0.020739753877878297,0.0,0.4627391034811911,0.0012737345611694918,1.2877528686558115,0.00500026553599717,0.6687931463214052,0.2780455015435068
0.25907142857142873,0.020774753877878298,0.0,0.46712748873661036,0.001250614084323755,1.2902789712444027,0.005000253207618776,0.6629524754131648,0.27735030288931595
0.2595714285714287,0.020809753877878295,0.0,0.471578859707143,0.001227913978144193,1.292804834338669,0.005000241451808676,0.6570613159516181,0.27664956695601023
0.26007142857142873,0.0208447538778783,0.0,0.47609323372527884,0.0012056275746650572,1.2953304612237604,0.005000230242573511,0.6511196746934438,0.275943323868179
0.2605714285714287,0.020879753877878295,0.0,0.4806706226290931,0.0011837482059206185,1.2978558551848247,0.005000219555003069,0.6451275581284669,0.27523159789523305
0.26107142857142873,0.0209147538778783,0.0,0.48531103250743607,0.0011622692039451289,1.3003810195070118,0.005000209365231313,0.6390849724797127,0.274514407196667
0.2615714285714287,0.020949753877878296,0.0,0.49001446344909055,0.0011411839007728587,1.3029059574754696,0.0050001996503984845,0.6329919237034761,0.27379176357130947
0.26207142857142873,0.0209847538778783,0.0,0.4947809092951353,0.0011204856284380603,1.305430672375348,0.00500019038861425,0.6268484174893715,0.273063672209757
0.2625714285714287,0.021019753877878293,0.0,0.4996103573952356,0.0011001677189750037,1.3079551674917944,0.005000181558921902,0.6206544592604034,0.2723301314507558
0.26307142857142873,0.0210547538778783,0.0,0.504502788367182,0.0010802235044179418,1.3104794461099596,0.00500017314126358,0.6144100541730109,0.2715911325408058
0.2635714285714287,0.021089753877878294,0.0,0.5094581758601756,0.0010606463168011443,1.3130035115149905,0.005000165116446512,0.6081152071171408,0.2708466593975394
0.26407142857142873,0.0211247538778783,0.0,0.5144764863216806,0.001041429488158864,1.3155273669920378,0.005000157466110256,0.6017699227162876,0.2700966883766328
0.2645714285714287,0.021159753877878294,0.0,0.5195576787675629,0.0010225663505253706,1.3180510158262488,0.005000150172694926,0.5953742053275648,0.2693411880420359
0.26507142857142874,0.0211947538778783,0.0,0.524701704556587,0.0010040502359349173,1.3205744613027737,0.005000143219410394,0.5889280590417458,0.2685801189405314
0.2655714285714287,0.021229753877878295,0.0,0.5299085071671239,0.0009858744764217732,1.32309770670676,0.005000136590206441,0.5824314876833301,0.267813433378524
0.26607142857142874,0.0212647538778783,0.0,0.5351780219788739,0.0009680324040201918,1.325620755323358,0.005000130269743857,0.575884494810583,0.2670410752038251
0.2665714285714287,0.021299753877878295,0.0,0.5405101760573148,0.0009505173507644423,1.3281436104377153,0.00500012424336646,0.5692870837156037,0.2662629795901854
0.26707142857142874,0.0213347538778783,0.0,0.5459048879416628,0.0009333226486887784,1.330666275334982,0.0050001184970740265,0.5626392574243594,0.26547907282530914
0.2675714285714287,0.021369753877878296,0.0,0.5513620674369698,0.0009164416298274687,1.3331887533003057,0.005000113017496112,0.555941018696752,0.2646892721030341
0.26807142857142874,0.0214047538778783,0.0,0.5568816154092144,0.000899867626214767,1.3357110476188367,0.005000107791866747,0.5491923700266526,0.2638934853184773
0.2685714285714287,0.021439753877878297,0.0,0.562463500864781,0.0008835942566042816,1.3382331611748568,0.005000102808106576,0.5423933147266533,0.2630916891676845
0.26907142857142874,0.021474753877878297,0.0,0.5681088746088121,0.0008676194484495402,1.3407550907127859,0.005000098056236269,0.5355438726132843,0.26228505762139703
0.2695714285714287,0.021509753877878297,0.0,0.5738169530791515,0.0008519349595857214,1.3432768429927318,0.0050000935244571346,0.5286440362597735,0.26147280460366956
0.27007142857142874,0.021544753877878298,0.0,0.579587754007486,0.0008365360749133023,1.3457984205623887,0.005000089202755936,0.5216938093462293,0.26065495565794805
0.2705714285714287,0.021579753877878298,0.0,0.5854212882279325,0.0008214180793327737,1.348319825969449,0.0050000850815390485,0.5146931953464507,0.2598315291511973
0.27107142857142874,0.0216147538778783,0.0,0.5913175595298708,0.0008065762577446133,1.3508410617616071,0.005000081151617199,0.5076421975279527,0.2590025361267653
0.2715714285714287,0.021649753877878295,0.0,0.5972765645150461,0.0007920058950493119,1.353362130486555,0.0050000774041906336,0.5005408189520113,0.25816798016154696
0.27207142857142874,0.0216847538778783,0.0,0.603298292455379,0.0007777022761473469,1.355883034691987,0.0050000738308347125,0.49338906247368786,0.25732785722382934
0.2725714285714287,0.021719753877878296,0.0,0.6093827251533628,0.0007636606859392091,1.3584037769255952,0.00500007042348591,0.4861869307418727,0.25648215553374226
0.27307142857142874,0.0217547538778783,0.0,0.6155298368049597,0.000749876409325376,1.360924359735074,0.005000067174428244,0.4789344261993077,0.2556308554261929
0.2735714285714287,0.021789753877878296,0.0,0.6217395938641385,0.0007363447312063383,1.3634447856681156,0.005000064076280089,0.4716315510826302,0.2547739292154564
0.27407142857142874,0.0218247538778783,0.0,0.628011954909808,0.000723060936482574,1.3659650572724142,0.005000061121981412,0.4642783074223943,0.2539113410621419
0.2745714285714287,0.021859753877878293,0.0,0.6343468705147933,0.0007100203100545731,1.3684851770956623,0.005000058304781381,0.45687469704311356,0.2530430468422234
0.27507142857142874,0.0218947538778783,0.0,0.6407442831173181,0.0006972181368228139,1.3710051476855536,0.005000055618226373,0.4494207215632823,0.25216899401855336
0.2755714285714287,0.021929753877878294,0.0,0.647204126893596,0.0006846497016877863,1.3735249715897808,0.00500005305614836,0.44191638239541375,0.2512891215135048
0.27607142857142875,0.0219647538778783,0.0,0.6537266265019087,0.0006723108119733902,1.3760446499180408,0.005000050612779213,0.4343616850720726,0.25040366270044634
0.2765714285714287,0.021999753877878295,0.0,0.6603117629791121,0.000660197491384552,1.3785641849343664,0.0050000482826508584,0.4267566315399154,0.24951260376868856
0.27707142857142875,0.022034753877878302,0.0,0.6669595020594559,0.0006483057239523303,1.3810835789404436,0.0050000460605200674,0.4191012234477707,0.2486159152442181
0.2775714285714287,0.022069753877878295,0.0,0.6736698084168287,0.0006366314999136729,1.3836028342066564,0.005000043941371084,0.4113954623544819,0.24771356643615916
0.27807142857142875,0.0221047538778783,0.0,0.6804426390875115,0.000625170809505517,1.3861219530033908,0.005000041920405517,0.40363934963538906,0.2468055187679466
0.2785714285714287,0.022139753877878296,0.0,0.6872779917907516,0.0006139197139762416,1.3886409373737978,0.0050000399930487886,0.3958328871888631,0.2458917748000789
0.27907142857142875,0.0221747538778783,0.0,0.6941758730398274,0.0006028743601898574,1.3911597892878778,0.005000038154942965,0.3879760769770523,0.2449723458918603
0.2795714285714287,0.022209753877878297,0.0,0.7011362716028504,0.0005920310381428613,1.3936785107671794,0.005000036401947941,0.3800689206405432,0.24404722528009826
0.28007142857142875,0.0222447538778783,0.0,0.7081591711260944,0.0005813860448550802,1.3961971038247702,0.005000034730104102,0.37211141968345696,0.24311640088582925
0.2805714285714287,0.022279753877878297,1.0,0.7154699451724462,0.006566159298687993,1.3987145337485032,0.005082221460681871,0.36410688231085486,0.24240856666043115
0.28107142857142875,0.022314753877878298,1.0,0.7284446959394313,0.015531712329552881,1.401206268406907,0.006305718932294844,0.3561341207640193,0.24737905876983773
0.2815714285714287,0.022349753877878298,1.0,0.7602936994770964,0.024416353074168284,1.4036137920347909,0.010588752020819742,0.3483836275171863,0.27143053286309843
0.28207142857142875,0.022384753877878298,1.0,0.8261282334272355,0.033220811513148055,1.4058773046262303,0.019978675694995594,0.341054454357385,0.3298767878116464
0.2825714285714287,0.0224197538778783,1.0,0.9394864188846009,0.041945811374820424,1.407958851972918,0.03635117195018838,0.33427830038775497,0.4363917334260784
0.28307142857142875,0.0224547538778783,1.0,1.1091346044497226,0.05059206977914525,1.409857336666326,0.061112375504788236,0.32806785432314345,0.5997576505631681
0.2835714285714287,0.022489753877878296,1.0,1.3347176519846542,0.05916029726264355,1.4116137363689347,0.09493558415111429,0.3222965281296204,0.8194938883742321
0.28407142857142875,0.0225247538778783,1.0,1.6076301629791212,0.06765119828507377,1.4132886078611686,0.13760433311088843,0.31677010644870884,1.0867999081503479
0.2845714285714287,0.022559753877878296,1.0,1.920133383249218,0.07606547032718489,1.4149234762626508,0.18800351505628904,0.3113540353844698,1.3938012833402338
0.28507142857142875,0.0225947538778783,1.0,2.2663863068435104,0.08440380530888633,1.4165427976385376,0.2442891204271835,0.30596839094184114,1.7345761863340103
0.2855714285714287,0.022629753877878297,1.0,2.63337125183814,0.09266688829337709,1.4181811739773693,0.30421373097991417,0.3004980229236367,2.095989786938538
0.2857142857142857,0.02263975387787829,1.0,2.7394017439744216,0.09501404256420265,1.4186583933329442,0.3216778441598459,0.2989005987675112,2.2003920217595403
