Time [s],Lmtc [m],STIM [ ],Fsee [N],Gamma [ ],Lcerel [ ],q [ ],fisomrel [ ],fce [N]
0.0,0.018139753877878292,1.0,10.920722639050721,0.25490685705767596,1.0778204720771565,0.7125787526984624,0.9757758965027541,10.920722639050721
0.0005,0.018123087211211624,1.0,9.983860615363223,0.2616311821501282,1.0777332463824267,0.729231649436449,0.9758301696273958,9.983860615363223
0.001,0.01810642054454496,1.0,9.24816383797043,0.26829482157129547,1.0774415375154323,0.7445583725778098,0.9760112330689836,9.24816383797043
0.0015,0.01808975387787829,1.0,8.67585881739177,0.27489832281228493,1.076970510991777,0.7586736202692049,0.9763021617506589,8.67585881739177
0.002,0.018073087211211626,1.0,8.234694516340529,0.28144222871417035,1.076345952277414,0.77168685119569,0.9766851822834194,8.234694516340529
0.0025,0.018056420544544958,1.0,7.898068098981428,0.28792707709280607,1.0755922391507755,0.7836996796529068,0.9771432535206879,7.898068098981428
0.003,0.018039753877878293,1.0,7.644334482020698,0.29435340093921303,1.074731510330495,0.7948049856132503,0.9776608054548924,7.644334482020698
0.0035,0.018023087211211625,1.0,7.45608014289763,0.3007217284559428,1.07378321490993,0.8050867593526833,0.9782241487902203,7.45608014289763
0.004,0.01800642054454496,1.0,7.319468432671145,0.30703258283890306,1.0727639161695712,0.8146203945631719,0.9788216500146705,7.319468432671145
0.0045000000000000005,0.01798975387787829,1.0,7.2232445172867,0.31328648349825344,1.0716879085406916,0.8234736502798639,0.9794433750762457,7.2232445172867
0.005,0.017973087211211627,1.0,7.159009176138446,0.31948394316220563,1.070566266687472,0.8317066137289407,0.9800816080231703,7.159009176138446
0.0055,0.01795642054454496,1.0,7.119462543047911,0.32562547233095807,1.069409016778091,0.839373674712087,0.9807295535595948,7.119462543047911
0.006,0.017939753877878294,1.0,7.099199069617229,0.3317115755103594,1.0682237531780114,0.8465231668982852,0.9813820780092231,7.099199069617229
0.006500000000000001,0.017923087211211625,1.0,7.093998403507191,0.3377427518131566,1.0670165193582257,0.8531984294058309,0.9820351445324342,7.093998403507191
0.007,0.01790642054454496,1.0,7.100103534904584,0.3437194990268625,1.0657927755875851,0.8594387822592596,0.9826852427219267,7.100103534904584
0.0075,0.017889753877878292,1.0,7.114921453154386,0.349642307359747,1.0645563245759044,0.8652793115455173,0.9833299238290019,7.114921453154386
0.008,0.017873087211211627,1.0,7.136382356878039,0.3555116624466423,1.0633102199203082,0.870751741127473,0.9839672642145688,7.136382356878039
0.0085,0.01785642054454496,1.0,7.16262020153023,0.36132804769220056,1.062057217396934,0.8758849590350207,0.9845956070757986,7.16262020153023
0.009000000000000001,0.01783975387787829,1.0,7.192237942870097,0.36709194249039645,1.0607993813028394,0.880705083835963,0.9852137409327678,7.192237942870097
0.0095,0.017823087211211626,1.0,7.224291974198542,0.37280381816491365,1.0595381071608398,0.8852357330453936,0.9858208551828174,7.224291974198542
0.01,0.017806420544544958,1.0,7.2579208332051754,0.3784641430271691,1.0582746617494132,0.8894984987556599,0.986416255191966,7.2579208332051754
0.0105,0.017789753877878293,1.0,7.292332527790306,0.3840733880041764,1.0570102010543285,0.8935131386809183,0.9869993479029802,7.292332527790306
0.011,0.017773087211211624,1.0,7.327083155749352,0.3896320119886494,1.0557453702116515,0.8972975656558703,0.9875698147998637,7.327083155749352
0.0115,0.01775642054454496,1.0,7.3618516762047825,0.39514046825311383,1.0544806321496603,0.9008681571352612,0.9881274428822936,7.3618516762047825
0.012,0.01773975387787829,1.0,7.39631400004954,0.40059921007009547,1.053216449796633,0.9042399670191751,0.9886720378841698,7.39631400004954
0.0125,0.017723087211211627,1.0,7.430207473569124,0.4060086844175482,1.0519531941221254,0.9074268026531594,0.9892034624820351,7.430207473569124
0.013000000000000001,0.017706420544544958,1.0,7.46331511143499,0.41136934603178077,1.0506911677781792,0.9104413531112591,0.989721622037138,7.46331511143499
0.0135,0.017689753877878293,1.0,7.495555186930153,0.4166816309716402,1.049430478721636,0.9132952270016814,0.9902265110933995,7.495555186930153
0.014,0.017673087211211625,1.0,7.526873020767023,0.42194597105460174,1.048171195867206,0.9159991118916883,0.9907181435548931,7.526873020767023
0.0145,0.01765642054454496,1.0,7.557213718543752,0.4271627980981406,1.0469133881296002,0.9185628695289172,0.9911965360568059,7.557213718543752
0.015,0.017639753877878292,1.0,7.586522203545452,0.43233254391973214,1.045657124423529,0.9209956063692,0.9916617079574975,7.586522203545452
0.0155,0.017623087211211627,1.0,7.614788470443168,0.4374556157379799,1.0444024099147595,0.9233057052296284,0.9921137039750466,7.614788470443168
0.016,0.01760642054454496,1.0,7.641984468220266,0.4425324751103272,1.0431492754596934,0.9255009550934601,0.992552560109214,7.641984468220266
0.0165,0.017589753877878294,1.0,7.668135036687836,0.44756352663080096,1.0418976777342304,0.92758851492778,0.9929783384019143,7.668135036687836
0.017,0.017573087211211626,1.0,7.693266073063319,0.4525491742816151,1.040647572561001,0.9295750171001524,0.9933910993795927,7.693266073063319
0.0175,0.017556420544544957,1.0,7.717403905735245,0.45748982204498356,1.0393989157626349,0.9314666114011855,0.9937909017469152,7.717403905735245
0.018000000000000002,0.017539753877878293,1.0,7.740575272800536,0.4623858739031203,1.0381516631617622,0.9332690045949432,0.9941778023919657,7.740575272800536
0.0185,0.017523087211211624,1.0,7.762807301246128,0.46723773383823924,1.0369057705810132,0.9349874964560091,0.9945518563912865,7.762807301246128
0.019,0.01750642054454496,1.0,7.78412748677892,0.4720458058325543,1.0356611938430178,0.9366270126183832,0.9949131170147628,7.78412748677892
0.0195,0.01748975387787829,1.0,7.804552891371177,0.476810447111998,1.0344179037858985,0.9381921201592639,0.9952616315959385,7.804552891371177
0.02,0.017473087211211626,1.0,7.824135833554723,0.4815320962368938,1.033175822597793,0.939687089832674,0.9955974591798391,7.824135833554723
0.0205,0.017456420544544958,1.0,7.842919123617863,0.48621117493825056,1.0319348862742808,0.9411158966524032,0.995920652154595,7.842919123617863
0.021,0.017439753877878293,1.0,7.860929196198325,0.49084804976771695,1.0306950540260889,0.9424822321006222,0.996231254633342,7.860929196198325
0.021500000000000002,0.017423087211211625,1.0,7.878192744562427,0.49544308727694164,1.0294562850639446,0.9437895408979607,0.9965293090809265,7.878192744562427
0.022,0.01740642054454496,1.0,7.894736706003926,0.49999665401757326,1.0282185385985747,0.945041039865813,0.996814856317443,7.894736706003926
0.0225,0.017389753877878292,1.0,7.9105882477868885,0.5045091165412605,1.0269817738407065,0.9462397351941647,0.9970879355216359,7.9105882477868885
0.023,0.017373087211211627,1.0,7.925774753644173,0.5089808413996523,1.0257459500010675,0.9473884382598958,0.9973485842341702,7.925774753644173
0.0235,0.01735642054454496,1.0,7.940323810821206,0.513412195144397,1.024511026290384,0.9484897801267572,0.9975968383607684,7.940323810821206
0.024,0.017339753877878294,1.0,7.954263197671175,0.5178035443271434,1.023276961919384,0.9495462248457784,0.9978327321752142,7.954263197671175
0.0245,0.017323087211211625,1.0,7.967620871800068,0.5221552554995402,1.022043716098794,0.9505600816635934,0.9980562983222231,7.967620871800068
0.025,0.01730642054454496,1.0,7.980424958761046,0.5264676952132362,1.0208112480393414,0.9515335162360089,0.99826756782018,7.980424958761046
0.025500000000000002,0.017289753877878292,1.0,7.99269824017616,0.5307412078545226,1.0195795245215047,0.9524685563890167,0.9984665688780472,7.99269824017616
0.026000000000000002,0.017273087211211624,1.0,8.004457659531509,0.5349761324509874,1.0183485205331875,0.9533671068358741,0.9986533271769727,8.004457659531509
0.0265,0.01725642054454496,1.0,8.015736317310395,0.539172879767585,1.0171181890072478,0.9542309720666231,0.9988278704204485,8.015736317310395
0.027,0.01723975387787829,1.0,8.026548398174588,0.5433317777418811,1.0158885090474015,0.9550618324024213,0.9989902211210026,8.026548398174588
0.0275,0.017223087211211626,1.0,8.036908170790747,0.5474531543114413,1.0146594597573646,0.9558612692349954,0.9991404009584889,8.036908170790747
0.028,0.017206420544544958,1.0,8.046829983402846,0.551537337413831,1.013431020240853,0.9566307717811251,0.9992784307811592,8.046829983402846
0.0285,0.017189753877878293,1.0,8.056328259551696,0.5555846549866161,1.0122031696015827,0.9573717433193945,0.9994043306067,8.056328259551696
0.029,0.017173087211211625,1.0,8.065417493936067,0.5595954349673622,1.0109758869432697,0.9580855069527618,0.9995181196232342,8.065417493936067
0.029500000000000002,0.01715642054454496,1.0,8.07411224842074,0.5635700052936349,1.00974915136963,0.9587733109365741,0.9996198161902882,8.07411224842074
0.03,0.01713975387787829,1.0,8.082427148186067,0.5675086939029997,1.008522941984379,0.9594363336080762,0.9997094378397237,8.082427148186067
0.0305,0.017123087211211627,1.0,8.090376878024275,0.5714118287330224,1.0072972378912335,0.9600756879502345,0.999787001276635,8.090376878024275
0.031,0.01710642054454496,1.0,8.097976178778087,0.5752797377212686,1.0060720181939087,0.9606924258197828,0.9998525223802114,8.097976178778087
0.0315,0.017089753877878294,1.0,8.10523984392501,0.579112748805304,1.004847261996121,0.961287541866749,0.9999060162045639,8.10523984392501
0.032,0.017073087211211625,1.0,8.112178125153573,0.5829111768900859,1.003622954672488,0.9618619755553104,0.9999474967977644,8.112178125153573
0.0325,0.01705642054454496,1.0,8.118798037347581,0.5866753248596053,1.0023990860697498,0.9624166146486302,0.9999769775441197,8.118798037347581
0.033,0.017039753877878292,0.0,8.12428912513066,0.5815488723299272,1.0011767617727236,0.9611879657189294,0.999994460926921,8.12428912513066
0.0335,0.017023087211211627,0.0,8.125722216101959,0.5709128721145117,0.9999599773800225,0.9587128120186084,0.9999999935927596,8.125722216101959
0.034,0.01700642054454496,0.0,8.123272244835054,0.5604713763576437,0.9987484926503407,0.9560880317017395,0.999993734917415,8.123272244835054
0.0345,0.016989753877878294,0.0,8.117295723844647,0.5502208728629793,0.997541823181477,0.9533055016990964,0.9999758294669155,8.117295723844647
0.035,0.016973087211211626,0.0,8.108128258264692,0.5401578895023605,0.996339515782362,0.9503567732246605,0.9999464034211697,8.108128258264692
0.035500000000000004,0.016956420544544958,0.0,8.096073275080004,0.5302789489532482,0.9951411629977095,0.9472330634265534,0.9999055668119406,8.096073275080004
0.036000000000000004,0.016939753877878293,0.0,8.081380820455692,0.5205805778395802,0.9939464314823596,0.9439252651082015,0.999853417232809,8.081380820455692
0.0365,0.016923087211211624,0.0,8.064141533452894,0.5110595851335364,0.992755206948529,0.9404240850394778,0.9997900518945654,8.064141533452894
0.037,0.01690642054454496,0.0,8.04444694254788,0.5017127798072964,0.9915673751084343,0.9367199360892006,0.9997155633497525,8.04444694254788
0.0375,0.01688975387787829,0.0,8.022389335370038,0.49253697083304004,0.990382821674292,0.9328029477980373,0.9996300395242061,8.022389335370038
0.038,0.016873087211211626,0.0,7.998052395927871,0.4835290041519257,0.9892014450642898,0.9286629996539999,0.9995335648452018,7.998052395927871
0.0385,0.016856420544544958,0.0,7.971474270122545,0.4746857905813223,0.9880232072314085,0.9242897734737299,0.9994262257399128,7.971474270122545
0.039,0.016839753877878293,0.0,7.94268260131576,0.46600418789194514,0.9868480857308318,0.919672715645349,0.9993081086042258,7.94268260131576
0.0395,0.016823087211211625,0.0,7.911639798752627,0.4574813534476411,0.9856761495156484,0.9148012727970758,0.9991793092292077,7.911639798752627
0.04,0.01680642054454496,0.0,7.878309653791872,0.4491144446122571,0.9845074675389467,0.9096647813959927,0.9990399257517728,7.878309653791872
0.0405,0.016789753877878292,0.0,7.842657413252564,0.44090061874964,0.9833421087538151,0.9042525091994472,0.9988900586369212,7.842657413252564
0.041,0.016773087211211627,0.0,7.804649854335749,0.4328370332236367,0.9821801421133424,0.8985537016194536,0.9987298106595973,7.804649854335749
0.0415,0.01675642054454496,0.0,7.764236716573075,0.4249209709100176,0.9810216626009184,0.8925577346769253,0.9985592908382664,7.764236716573075
0.042,0.016739753877878294,0.0,7.72136702090965,0.41714957635618743,0.9798667688533157,0.8862539925567258,0.9983786120143767,7.72136702090965
0.0425,0.016723087211211626,0.0,7.675963861342659,0.409520268005369,0.9787155987664051,0.8796322535879898,0.9981878970565093,7.675963861342659
0.043000000000000003,0.016706420544544957,0.0,7.627947067641033,0.4020305207772106,0.977568298356762,0.8726826320910448,0.997987275045555,7.627947067641033
0.043500000000000004,0.016689753877878293,0.0,7.5772392201759855,0.39467780959136056,0.9764250136409617,0.8653956190408798,0.9977768800726846,7.5772392201759855
0.044,0.016673087211211628,0.0,7.523765840120603,0.3874596093674673,0.97528589063558,0.8577621690430767,0.997556851193294,7.523765840120603
0.0445,0.01665642054454496,0.0,7.467454474197302,0.3803734667408872,0.9741510769409533,0.8497738697022871,0.9973273327067499,7.467454474197302
0.045,0.01663975387787829,0.0,7.4082253651826715,0.3734168912361773,0.9730207353992929,0.8414229458021072,0.9970884771264201,7.4082253651826715
0.0455,0.016623087211211626,0.0,7.345998553034866,0.36658743285402257,0.9718950345310314,0.8327024371312771,0.9968404436639523,7.345998553034866
0.046,0.016606420544544958,0.0,7.280697706091073,0.35988286483501736,0.970774143491415,0.8236065492188177,0.9965833972453584,7.280697706091073
0.0465,0.016589753877878293,0.0,7.212250832740027,0.3533009604197559,0.9696582314356894,0.814130539563829,0.9963175083215593,7.212250832740027
0.047,0.016573087211211625,0.0,7.140590554947588,0.34683949284883253,0.9685474675191006,0.8042708285894724,0.9960429528021518,7.140590554947588
0.0475,0.01655642054454496,0.0,7.065654391239469,0.34049623536284146,0.9674420208968942,0.7940251085929796,0.995759911986887,7.065654391239469
0.048,0.01653975387787829,0.0,6.987392833458918,0.33426901607084436,0.9663420492681138,0.7833925294421311,0.9954685694101197,6.987392833458918
0.0485,0.016523087211211627,0.0,6.905750231929077,0.32815568096384135,0.9652477272820282,0.7723737797889026,0.9951691181637429,6.905750231929077
0.049,0.01650642054454496,0.0,6.820668287719481,0.3221540340509345,0.964159242293981,0.7609710794698327,0.9948617603482337,6.820668287719481
0.0495,0.016489753877878294,0.0,6.732135025509495,0.31626212664665243,0.9630767218510301,0.749188734676655,0.9945466861229352,6.732135025509495
0.05,0.016473087211211625,0.0,6.640144176464715,0.31047801006552356,0.9620002935002331,0.7370328774529274,0.9942240892237263,6.640144176464715
0.0505,0.01645642054454496,0.0,6.54469543226581,0.30479973562207635,0.9609300847886477,0.7245115268990218,0.993894166901511,6.54469543226581
0.051000000000000004,0.016439753877878292,0.0,6.445794704510754,0.29922535463083944,0.9598662232633318,0.7116346331141048,0.9935571198594051,6.445794704510754
0.051500000000000004,0.016423087211211627,0.0,6.343454389494299,0.29375291840634127,0.9588088364713432,0.6984141018833772,0.9932131521886218,6.343454389494299
0.052000000000000005,0.01640642054454496,0.0,6.237741784200512,0.2883806334869523,0.9577579769663312,0.6848640984367279,0.992862445960092,6.237741784200512
0.0525,0.01638975387787829,0.0,6.128641104069121,0.283106479774267,0.9567138362481891,0.6710003542672281,0.9925052321106056,6.128641104069121
0.053,0.016373087211211626,0.0,6.016261691855884,0.2779287402053608,0.9556764211736317,0.6568410786022226,0.9921416814400909,6.016261691855884
0.0535,0.016356420544544958,0.0,5.90072283044017,0.2728457125771485,0.9546457301130077,0.6424064257987606,0.9917719608120714,5.90072283044017
0.054,0.016339753877878293,0.0,5.782148244967667,0.2678556946865446,0.9536217614366654,0.6277183769302196,0.9913962359510498,5.782148244967667
0.0545,0.016323087211211625,0.0,5.660666099229769,0.2629569843304637,0.9526045135149535,0.6128006217660101,0.9910146714433831,5.660666099229769
0.055,0.01630642054454496,0.0,5.536408992045345,0.2581478793058205,0.9515939847182202,0.5976784158713503,0.9906274307381604,5.536408992045345
0.0555,0.01628975387787829,0.0,5.409555548475311,0.2534267641812206,0.950590103844476,0.5823786059312378,0.9902346486476014,5.409555548475311
0.056,0.016273087211211627,0.0,5.280244584692058,0.24879192660489666,0.9495928711956193,0.5669290496241218,0.9898364854627943,5.280244584692058
0.0565,0.01625642054454496,0.0,5.1486947235964,0.24424179729253953,0.9486021577725371,0.5513589283693884,0.9894330472574433,5.1486947235964
0.057,0.016239753877878293,0.0,5.015162895888077,0.23977488724230253,0.9476177688080661,0.5356984393422365,0.9890244074214192,5.015162895888077
0.0575,0.016223087211211625,0.0,4.879904148088311,0.23538970745233895,0.9466395095350432,0.519978386925049,0.988610632229357,4.879904148088311
0.058,0.01620642054454496,0.0,4.743171241844285,0.23108476892080207,0.945667185186305,0.5042299340971977,0.9881917809376829,4.743171241844285
0.0585,0.016189753877878292,0.0,4.605214265764304,0.22685858264584513,0.9447006009946884,0.4884843486990526,0.9877679058786054,4.605214265764304
0.059000000000000004,0.016173087211211627,0.0,4.466284492683367,0.22270966641738865,0.9437395544011623,0.4727727647113928,0.9873390490440809,4.466284492683367
0.059500000000000004,0.01615642054454496,0.0,4.326678359980035,0.21863662165014686,0.9427837514975128,0.45712612039868455,0.9869052036292065,4.326678359980035
0.06,0.01613975387787829,0.0,4.186835281473861,0.21463807045187897,0.9418326127947791,0.4415744976892555,0.9864662202628717,4.186835281473861
0.0605,0.01614689673502115,0.0,4.88005131006422,0.21071265039015427,0.9410857485409989,0.42636058768745055,0.9861164439001023,4.88005131006422
0.061,0.016154039592164004,0.0,5.428225999924109,0.2068590240022216,0.9406667270922727,0.4116370259217162,0.9859182509042286,5.428225999924109
0.0615,0.016161182449306862,0.0,5.852019161946503,0.20307587797619345,0.9404930417683522,0.39733213253524463,0.9858356876880677,5.852019161946503
0.062,0.01616832530644972,0.0,6.1785008322058665,0.19936192378454165,0.9404957791695536,0.3833885289879535,0.9858369908134459,6.1785008322058665
0.0625,0.016175468163592575,0.0,6.440397731006762,0.19571589494801456,0.9406107851894814,0.3697544816360529,0.9858916846567602,6.440397731006762
0.063,0.016182611020735434,0.0,6.613477801927784,0.19213655046747558,0.9408678662659595,0.35647351730947546,0.9860135630402382,6.613477801927784
0.0635,0.016189753877878292,0.0,6.672201293997493,0.18862266982851641,0.9412998704365781,0.3435879225616095,0.98621717915695,6.672201293997493
0.064,0.016196896735021147,0.0,6.614126380159693,0.18517305599557082,0.9419081667588095,0.33110506160277725,0.9865013556427109,6.614126380159693
0.0645,0.016204039592164005,0.0,6.468337885665715,0.18178653347320473,0.9426505645766597,0.3189888308917452,0.9868441690264965,6.468337885665715
0.065,0.016211182449306864,0.0,6.274235592094347,0.1784619487777904,0.9434703676679553,0.30719092621163496,0.9872176026736154,6.274235592094347
0.0655,0.01621832530644972,0.0,6.060677369951918,0.17519816825702922,0.9443255551187404,0.2956790856975874,0.9876014247486543,6.060677369951918
0.066,0.016225468163592577,0.0,5.841975436748228,0.17199408068821762,0.9451949676117566,0.2844414680168312,0.9879856336996944,5.841975436748228
0.0665,0.016232611020735435,0.0,5.6246937116275815,0.16884859388207576,0.9460686421529685,0.273476372374446,0.9883656345631018,5.6246937116275815
0.067,0.01623975387787829,0.0,5.411482921108517,0.1657606363129241,0.9469423947961256,0.26278661187910257,0.9887395621201193,5.411482921108517
0.0675,0.01624689673502115,0.0,5.203437474555722,0.162729154829054,0.9478143636748697,0.25237610925029635,0.989106637445365,5.203437474555722
0.068,0.016254039592164007,0.0,5.001044087750709,0.15975312471327063,0.9486835940249271,0.24224859380144548,0.989466505911206,5.001044087750709
0.0685,0.01626118244930686,0.0,4.804595356308132,0.15683151493658376,0.9495493986087773,0.23240692030252535,0.9898189472770559,4.804595356308132
0.069,0.01626832530644972,0.0,4.6142060689725835,0.15396333474716872,0.9504113572834163,0.22285325137665735,0.990163866054108,4.6142060689725835
0.0695,0.016275468163592575,0.0,4.429947011436445,0.1511476200104948,0.9512690987331627,0.21358886393898882,0.990501197046887,4.429947011436445
0.07,0.016282611020735433,0.0,4.251873206054983,0.1483834076504945,0.9521222533130077,0.20461407136598078,0.9908308854887048,4.251873206054983
0.07050000000000001,0.01628975387787829,0.0,4.079964528711351,0.1456698105887982,0.9529705686325531,0.19592861375783674,0.9911529303410184,4.079964528711351
0.07100000000000001,0.016296896735021146,0.0,3.9142866823197635,0.14300576396643191,0.9538136064573437,0.1875306404766737,0.9914672682060915,3.9142866823197635
0.07150000000000001,0.016304039592164005,0.0,3.754700574349686,0.14039041167544,0.9546513074698433,0.17941846752279064,0.9917739843432213,3.754700574349686
0.07200000000000001,0.016311182449306863,0.0,3.601067428978725,0.13782289760786684,0.955483612352516,0.17158963753342038,0.9920731649232757,3.601067428978725
0.07250000000000001,0.016318325306449718,0.0,3.4532488922624474,0.1353023656557568,0.9563104617878262,0.1640409838386415,0.992364897003228,3.4532488922624474
0.07300000000000001,0.016325468163592576,0.0,3.3111071384662734,0.13282795971115427,0.9571317964582378,0.15676869494559362,0.9926492685004081,3.3111071384662734
0.07350000000000001,0.016332611020735435,0.0,3.1745049775582177,0.1303988236661036,0.957947557046215,0.14976837873165694,0.9929263681664746,3.1745049775582177
0.07400000000000001,0.01633975387787829,0.0,3.0433018320425718,0.12801410370934066,0.9587576934481808,0.14303513733946743,0.9931962886011431,3.0433018320425718
0.07450000000000001,0.016346896735021148,0.0,2.917234792797147,0.12567298467933277,0.9595624369217398,0.1365638692927105,0.9934592139691669,2.917234792797147
0.07500000000000001,0.016354039592164006,0.0,2.7960621793753955,0.12337467928149347,0.9603619964380955,0.13034911158503765,0.9937153146945058,2.7960621793753955
0.07550000000000001,0.01636118244930686,0.0,2.67958596141437,0.1211184133916552,0.9611565020415649,0.12438502446754715,0.9939647306654122,2.67958596141437
0.07600000000000001,0.01636832530644972,0.0,2.5676235843461743,0.11890344193998013,0.9619460638839274,0.11866551984489307,0.9942075917842955,2.5676235843461743
0.07650000000000001,0.016375468163592578,0.0,2.459964106635007,0.11672897579900826,0.9627308783346438,0.1131841580647994,0.9944440502811716,2.459964106635007
0.07700000000000001,0.016382611020735433,0.0,2.356420420949218,0.1145942310153484,0.9635111045551016,0.10793428154814297,0.9946742420368451,2.356420420949218
0.07750000000000001,0.01638975387787829,0.0,2.256848755395478,0.11249851696280552,0.9642868091559961,0.1029092636605817,0.994898271998959,2.256848755395478
0.07800000000000001,0.01639689673502115,0.0,2.161109629796436,0.11044114301518465,0.9650580587480224,0.09810233591591605,0.9951162429661734,2.161109629796436
0.07850000000000001,0.016404039592164004,0.0,2.0690677569173648,0.10842141854629078,0.9658249199418757,0.09350662855652817,0.9953282556120832,2.0690677569173648
0.07900000000000001,0.016411182449306862,0.0,1.9805919451577911,0.10643865292992893,0.9665874593482513,0.08911520805458151,0.9955344085087809,1.9805919451577911
0.07950000000000002,0.01641832530644972,0.0,1.8955550027089636,0.10449215553990408,0.9673457435778443,0.08492111153196368,0.9957347981500644,1.8955550027089636
0.08000000000000002,0.016425468163592576,0.0,1.8138464909873813,0.10258124861138776,0.9680998021299995,0.08091739484992176,0.9959295095034193,1.8138464909873813
0.08050000000000002,0.016432611020735434,0.0,1.7353960088834512,0.1007052779120114,0.9688495542069472,0.07709716082082484,0.9961185989075763,1.7353960088834512
0.08100000000000002,0.016439753877878292,0.0,1.660113311092469,0.09886361448008438,0.9695949770214434,0.07345363559688575,0.9963021383106938,1.660113311092469
0.08150000000000002,0.016446896735021147,0.0,1.5879092837691442,0.09705564015909104,0.9703360479183317,0.0699801350529108,0.996480199787586,1.5879092837691442
0.08200000000000002,0.016454039592164005,0.0,1.5186960237638598,0.09528073679251577,0.9710727442424558,0.06667006077437596,0.9966528554973505,1.5186960237638598
0.08250000000000002,0.016461182449306864,0.0,1.4523872357980474,0.09353835611925718,0.9718050421619883,0.06351704940499156,0.9968201774100509,1.4523872357980474
0.08300000000000002,0.01646832530644972,0.0,1.3889082435440476,0.09182778865894924,0.9725328835975847,0.06051453840344954,0.9969822300661447,1.3889082435440476
0.08350000000000002,0.016475468163592577,0.0,1.3281717726893096,0.09014846211873649,0.9732562542144276,0.05765637305090432,0.9971390882454267,1.3281717726893096
0.08400000000000002,0.016482611020735435,0.0,1.2700905610765436,0.08849983690676069,0.9739751451341019,0.05493658924687958,0.9972908277168357,1.2700905610765436
0.08450000000000002,0.01648975387787829,0.0,1.2145791003124793,0.08688137343116357,0.9746895474781923,0.05234935912303772,0.9974375239725652,1.2145791003124793
0.08500000000000002,0.01649689673502115,0.0,1.1615536489214178,0.08529253210008689,0.9753994523682835,0.049888999873212374,0.9975792522248786,1.1615536489214178
0.08550000000000002,0.016504039592164007,0.0,1.1109322455238853,0.08373277332167232,0.9761048509259606,0.0475499810011362,0.9977160874029177,1.1109322455238853
0.08600000000000002,0.016511182449306862,0.0,1.0626347220421342,0.08220155750406166,0.976805734272808,0.0453269301107777,0.9978481041495056,1.0626347220421342
0.08650000000000002,0.01651832530644972,0.0,1.0165827169315897,0.08069834505539664,0.977502093530411,0.04321463736166925,0.9979753768179425,1.0165827169315897
0.08700000000000002,0.01652546816359258,0.0,0.972690266995844,0.07922266533639559,0.9781939569829644,0.0412081615857684,0.9980979859517568,0.972690266995844
0.08750000000000002,0.016532611020735433,0.0,0.9308714055926576,0.07777393939087271,0.9788813636207235,0.03930256947114405,0.9982160127899196,0.9308714055926576
0.08800000000000002,0.01653975387787829,0.0,0.8910452551841964,0.07635165769888014,0.9795643431630002,0.03749319330559169,0.9983295357185615,0.8910452551841964
0.08850000000000002,0.016546896735021147,0.0,0.8531299039815191,0.07495536776884786,0.9802429405890017,0.03577560332012898,0.9984386344137212,0.8531299039815191
0.08900000000000002,0.016554039592164005,0.0,0.8170462954885326,0.07358461710920587,0.9809172008779354,0.03414552282024336,0.9985433871106677,0.8170462954885326
0.08950000000000002,0.016561182449306863,0.0,0.7827181637161629,0.07223895322838414,0.9815871690090089,0.03259882815349968,0.9986438706195888,0.7827181637161629
0.09000000000000002,0.016568325306449718,0.0,0.7500719690657496,0.07091792363481264,0.9822528899614293,0.031131548023108926,0.9987401603411155,0.7500719690657496
0.09050000000000002,0.016575468163592576,0.0,0.7190368348804729,0.06962107583692138,0.9829144087144043,0.02973986222247554,0.9988323302816863,0.7190368348804729
0.09100000000000003,0.016582611020735435,0.0,0.6895444846651356,0.06834795734314031,0.983571770247141,0.028420099860953306,0.9989204530687491,0.6895444846651356
0.09150000000000003,0.01658975387787829,0.0,0.6615291799743603,0.06709811566189942,0.984225019538847,0.027168737146248147,0.9990045999658009,0.6615291799743603
0.09200000000000003,0.016596896735021148,0.0,0.6349203457700572,0.06587118282740784,0.9848742372732922,0.02598248235462647,0.9990848452077413,0.6349203457700572
0.09250000000000003,0.016604039592164006,0.0,0.609651682912065,0.06466663738312425,0.9855194977952827,0.024858024520224616,0.9991612602235967,0.609651682912065
0.09300000000000003,0.01661118244930686,0.0,0.5856613871246213,0.0634840786659392,0.9861608668140203,0.023792311987509376,0.9992339135706428,0.5856613871246213
0.09350000000000003,0.01661832530644972,0.0,0.5628894587344402,0.06232313096366922,0.9867984139886156,0.022782443775526944,0.9993028725071361,0.5628894587344402
0.09400000000000003,0.016625468163592578,0.0,0.5412784397310302,0.06118341856413077,0.9874322089781792,0.02182564063391515,0.9993682025153273,0.5412784397310302
0.09450000000000003,0.016632611020735433,0.0,0.5207733266121714,0.06006456575514037,0.9880623214418216,0.020919242081867056,0.9994299673225664,0.5207733266121714
0.09500000000000003,0.01663975387787829,0.0,0.5013214848324948,0.05896619682451451,0.9886888210386536,0.02006070329363554,0.9994882289220176,0.5013214848324948
0.09550000000000003,0.01664689673502115,0.0,0.4828725648548768,0.057887936060069686,0.9893117774277859,0.019247591861749753,0.9995430475929873,0.4828725648548768
0.09600000000000003,0.016654039592164004,0.0,0.46537841980544004,0.056829407749622404,0.9899312602683288,0.018477584466234674,0.9995944819208634,0.46537841980544004
0.09650000000000003,0.016661182449306863,0.0,0.4487930247313681,0.05579023618098916,0.9905473392193932,0.01774846347539547,0.9996425888166671,0.4487930247313681
0.09700000000000003,0.01666832530644972,0.0,0.43307144967347166,0.05477009396621636,0.9911600895429342,0.017058147430399476,0.9996874239324443,0.43307144967347166
0.09750000000000003,0.016675468163592576,0.0,0.41816866765069993,0.053768589887425666,0.9917695993030727,0.016404606548883198,0.999729042017472,0.41816866765069993
0.09800000000000003,0.016682611020735434,0.0,0.4040439449835048,0.05278536157736307,0.9923759431049753,0.015785925931924315,0.9997674950258457,0.4040439449835048
0.09850000000000003,0.016689753877878293,0.0,0.39065846239848095,0.05182009767470312,0.9929791951791548,0.015200313177848132,0.9998028331986704,0.39065846239848095
0.09900000000000003,0.016696896735021147,0.0,0.3779751737783046,0.050872486818120344,0.9935794297561238,0.014646058657475848,0.9998351051109738,0.3779751737783046
0.09950000000000003,0.016704039592164006,0.0,0.36595873124933703,0.0499422176462893,0.994176721066395,0.014121532597613385,0.9998643576898457,0.36595873124933703
0.10000000000000003,0.016711182449306864,0.0,0.35457541208932747,0.04902897879788451,0.9947711433404813,0.013625182181623039,0.9998906362321368,0.35457541208932747
0.10050000000000003,0.01671832530644972,0.0,0.3437930474559983,0.04813245891158053,0.9953627708088953,0.013155528677123128,0.9999139844217166,0.3437930474559983
0.10100000000000003,0.016725468163592577,0.0,0.3335809529359984,0.047252346626051885,0.9959516777021499,0.012711164599612027,0.9999344443462909,0.3335809529359984
0.10150000000000003,0.016732611020735436,0.0,0.32390986091406637,0.04638833057997312,0.9965379382507576,0.012290750919662547,0.9999520565137777,0.32390986091406637
0.10200000000000004,0.01673975387787829,0.0,0.3147522353193669,0.04554013586316294,0.9971216240463975,0.011893031776180552,0.9999668598074789,0.3147522353193669
0.10250000000000004,0.01674689673502115,0.0,0.3060807034594068,0.04470744960339914,0.9977028144332122,0.011516794409866474,0.999978891753887,0.3060807034594068
0.10300000000000004,0.016754039592164007,0.0,0.2978696371071156,0.04388995103603889,0.9982815853404332,0.011160883050677247,0.9999881882042312,0.2978696371071156
0.10350000000000004,0.016761182449306862,0.0,0.29009553076058986,0.04308738320482313,0.998858005858001,0.010824227764798496,0.9999947833975186,0.29009553076058986
0.10400000000000004,0.01676832530644972,0.0,0.28273594663865576,0.04229948915349278,0.9994321450758562,0.010505810634696529,0.9999987101631405,0.28273594663865576
0.10450000000000004,0.01677546816359258,0.0,0.2757694618192288,0.04152601192578876,1.0000040720839394,0.010204663631712399,0.9999999999336725,0.2757694618192288
0.10500000000000004,0.016782611020735434,0.0,0.26917561695486336,0.040766694565452,1.0005738559721908,0.009919866540819215,0.9999986827572928,0.26917561695486336
0.10550000000000004,0.016789753877878292,0.0,0.26293486656536513,0.040021280116223426,1.0011415658305514,0.009650544939696986,0.9999947873098181,0.26293486656536513
0.10600000000000004,0.016796896735021147,0.0,0.2570285309072172,0.03928951162184395,1.0017072707489614,0.009395868233825199,0.999988340906359,0.2570285309072172
0.10650000000000004,0.016804039592164005,0.0,0.251438749420426,0.038571132126054515,1.0022710398173615,0.009155047748883708,0.9999793695125918,0.251438749420426
0.10700000000000004,0.016811182449306863,0.0,0.24614843575206447,0.03786588467259604,1.002832942125692,0.008927334881382976,0.9999678977556499,0.24614843575206447
0.10750000000000004,0.01681832530644972,0.0,0.24114309364772757,0.03717358546731192,1.0033930320343978,0.008712042363005922,0.9999539493344543,0.24114309364772757
0.10800000000000004,0.016825468163592577,0.0,0.2364057859101016,0.036493907637853304,1.0039513883592646,0.008508472583358215,0.9999375461201371,0.2364057859101016
0.10850000000000004,0.016832611020735435,0.0,0.23192257843217542,0.03582662352381705,1.0045080713110852,0.00831599515831449,0.9999187091722167,0.23192257843217542
0.10900000000000004,0.01683975387787829,0.0,0.2276805502266527,0.035171524624639745,1.0050631374969166,0.00813401711114412,0.9998974585547493,0.2276805502266527
0.10950000000000004,0.016846896735021148,0.0,0.22366730306622284,0.03452840243975802,1.0056166435238163,0.007961975234722224,0.9998738132621054,0.22366730306622284
0.11000000000000004,0.016854039592164007,0.0,0.2198709317762749,0.03389704846860846,1.0061686459988415,0.007799334771339978,0.999847791226164,0.2198709317762749
0.11050000000000004,0.01686118244930686,0.0,0.21627999558616634,0.03327725421062766,1.0067192015290498,0.007645588137103636,0.9998194093232481,0.21627999558616634
0.11100000000000004,0.01686832530644972,0.0,0.2128834905395012,0.03266881116525224,1.0072683667214983,0.007500253690611624,0.9997886833808073,0.2128834905395012
0.11150000000000004,0.016875468163592578,0.0,0.20967082296250675,0.03207151083191879,1.0078161981832445,0.007362874545475576,0.999755628183841,0.20967082296250675
0.11200000000000004,0.016882611020735433,0.0,0.20663178399154247,0.03148514471006392,1.0083627525213457,0.0072330174261410855,0.9997202574810669,0.20663178399154247
0.11250000000000004,0.01688975387787829,0.0,0.2037565251591745,0.03090950429912422,1.008908086342859,0.007110271566369496,0.9996825839908327,0.2037565251591745
0.11300000000000004,0.01689689673502115,0.0,0.20103554805634155,0.03034438152784023,1.0094522561418944,0.006994247738786931,0.9996426194153121,0.20103554805634155
0.11350000000000005,0.016904039592164005,0.0,0.1984639560409825,0.029789686194267875,1.0099952809732038,0.006884600644481248,0.9996003774330668,0.1984639560409825
0.11400000000000005,0.016911182449306863,0.0,0.19602975099314152,0.029245068756927752,1.0105372439378164,0.006780950985840167,0.9995558659607798,0.19602975099314152
0.11450000000000005,0.01691832530644972,0.0,0.19372634630915875,0.02871036594984371,1.0110781834172913,0.006682976779339436,0.9995090954086914,0.19372634630915875
0.11500000000000005,0.016925468163592576,0.0,0.19154736481361168,0.028185414507039586,1.0116181377931877,0.0065903723777521375,0.999460075496874,0.19154736481361168
0.11550000000000005,0.016932611020735434,0.0,0.18948662602449054,0.027670051162539226,1.0121571454470648,0.0065028477222982455,0.9994088152583156,0.18948662602449054
0.11600000000000005,0.016939753877878293,0.0,0.1875381339047012,0.027164112650366473,1.0126952447604818,0.006420127623038981,0.9993553230418858,0.1875381339047012
0.11650000000000005,0.016946896735021148,0.0,0.1856960651004975,0.026667435704545175,1.0132324741149978,0.006341951066900424,0.9992996065151837,0.1856960651004975
0.11700000000000005,0.016954039592164006,0.0,0.1839547576666813,0.026179857059099167,1.0137688718921722,0.006268070552687048,0.9992416726672678,0.1839547576666813
0.11750000000000005,0.016961182449306864,0.0,0.1823087002782217,0.025701213448052297,1.0143044764735643,0.006198251452425675,0.999181527811269,0.1823087002782217
0.11800000000000005,0.01696832530644972,0.0,0.18075252192888175,0.025231341605428413,1.0148393262407327,0.006132271398364739,0.9991191775868844,0.18075252192888175
0.11850000000000005,0.016975468163592577,0.0,0.17928098211634869,0.02477007826525135,1.0153734595752373,0.006069919694942044,0.9990546269627542,0.17928098211634869
0.11900000000000005,0.016982611020735436,0.0,0.17788896151407907,0.024317260161544958,1.0159069148586368,0.006010996755025095,0.9989878802387203,0.17788896151407907
0.11950000000000005,0.01698975387787829,0.0,0.1765714531299256,0.023872724028333077,1.0164397304724908,0.005955313559722888,0.9989189410479674,0.1765714531299256
0.12000000000000005,0.01699689673502115,0.0,0.1753235539515312,0.023436306599639557,1.016971944798358,0.005902691141064844,0.998847812359046,0.1753235539515312
0.12050000000000005,0.017004039592164007,0.0,0.17414351257017158,0.023007897219238335,1.01750356773343,0.005852966216944096,0.9987745004664049,0.17414351257017158
0.12100000000000005,0.017011182449306862,0.0,0.17302729248312754,0.02258730075754708,1.0180346310079582,0.005805974114721216,0.9986990083376271,0.17302729248312754
0.12150000000000005,0.01701832530644972,0.0,0.17197114050106319,0.022174368707128855,1.0185651644069658,0.005761564505114974,0.9986213386821693,0.17197114050106319
0.12200000000000005,0.01702546816359258,0.0,0.17097215887714728,0.021768973200356378,1.0190951903054022,0.005719597193268534,0.998541494828802,0.17097215887714728
0.12250000000000005,0.017032611020735434,0.0,0.1700275039099353,0.02137098636960235,1.0196247310782167,0.0056799392454188495,0.9984594797204307,0.1700275039099353
0.12300000000000005,0.017039753877878292,0.0,0.1691343822744755,0.020980280347239495,1.020153809100359,0.005642464642977149,0.9983752959149852,0.1691343822744755
0.12350000000000005,0.017046896735021147,0.0,0.16829004751867055,0.020596727265640512,1.0206824467467788,0.005607053950965118,0.9982889455862667,0.16829004751867055
0.12400000000000005,0.017054039592164005,0.0,0.16749179672550857,0.02022019925717812,1.021210666392425,0.005573594000356979,0.998200430524757,0.16749179672550857
0.12450000000000006,0.017061182449306864,0.0,0.16673696733997442,0.019850568454225025,1.0217384904122477,0.005541977583882046,0.9981097521383865,0.16673696733997442
0.12500000000000006,0.01706832530644972,0.0,0.16602293416216346,0.019487706989153943,1.022265941181196,0.005512103164847708,0.9980169114532621,0.16602293416216346
0.12550000000000006,0.017075468163592577,0.0,0.16534710650524956,0.019131486994337584,1.0227930410742194,0.005483874598548273,0.9979219091143557,0.16534710650524956
0.12600000000000006,0.017082611020735435,0.0,0.16470692551892288,0.018781780602148655,1.0233198124662677,0.005457200865831916,0.9978247453861524,0.16470692551892288
0.12650000000000006,0.01708975387787829,0.0,0.16410041814043375,0.01843848241159254,1.0238462723883917,0.00543199749214343,0.9977254211727146,0.16410041814043375
0.12700000000000006,0.01709689673502115,0.0,0.16352703054147288,0.018101499014242985,1.0243724244403114,0.005408185221050885,0.9976239397076052,0.16352703054147288
0.12750000000000006,0.017104039592164007,0.0,0.16298363028561844,0.01777063605358458,1.024898297186095,0.005385681872714894,0.9975202991889316,0.16298363028561844
0.12800000000000006,0.01711118244930686,0.0,0.16246888671524584,0.017445794770572325,1.025423902070592,0.005364416525446889,0.9974145008140198,0.16246888671524584
0.12850000000000006,0.01711832530644972,0.0,0.161981483999133,0.01712687640616122,1.0259492505386525,0.005344321923349409,0.997306545585929,0.161981483999133
0.12900000000000006,0.01712546816359258,0.0,0.16152012014119096,0.01681378220130626,1.0264743540351255,0.005325334301422176,0.9971964343136913,0.16152012014119096
0.12950000000000006,0.017132611020735433,0.0,0.16108350603245683,0.01650641339696244,1.0269992240048615,0.0053073932180290545,0.9970841676125413,0.16108350603245683
0.13000000000000006,0.01713975387787829,0.0,0.16067036454675346,0.016204671234084762,1.0275238718927096,0.005290441394478449,0.9969697459041349,0.16067036454675346
0.13050000000000006,0.01714689673502115,0.0,0.16027942967897071,0.015908456953628223,1.0280483091435195,0.005274424561474497,0.9968531694167583,0.16027942967897071
0.13100000000000006,0.017154039592164005,0.0,0.15990944572715743,0.015617671796547817,1.028572547202141,0.005259291312201213,0.9967344381855257,0.15990944572715743
0.13150000000000006,0.017161182449306863,0.0,0.15955916651773094,0.015332217003798547,1.0290965975134239,0.00524499296180671,0.9966135520525673,0.15955916651773094
0.13200000000000006,0.01716832530644972,0.0,0.15922735467387075,0.015051993816335407,1.0296204715222175,0.005231483413059743,0.9964905106672061,0.15922735467387075
0.13250000000000006,0.017175468163592576,0.0,0.15891278092720013,0.014776903475113394,1.0301441806733718,0.005218719027955944,0.9963653134861244,0.15891278092720013
0.13300000000000006,0.017182611020735435,0.0,0.15861422347295034,0.01450684722108751,1.0306677364117363,0.0052066585050564084,0.996237959773521,0.15861422347295034
0.13350000000000006,0.017189753877878293,0.0,0.1583304673680883,0.014241726295212746,1.0311911501821607,0.005195262762346505,0.9961084486012556,0.1583304673680883
0.13400000000000006,0.017196896735021148,0.0,0.1580606169600135,0.013981455900551268,1.031714430366883,0.005184495412458562,0.9959767796260165,0.1580606169600135
0.13450000000000006,0.017204039592164006,0.0,0.15780518613329939,0.01372597537584048,1.0322375715911896,0.00517432295122582,0.9958429559116118,0.15780518613329939
0.13500000000000006,0.017211182449306865,0.0,0.1575624889198826,0.013475134551313783,1.0327605900409484,0.0051647100634716675,0.9957069749606756,0.1575624889198826
0.13550000000000006,0.01721832530644972,0.0,0.15733196327255355,0.01322885861434718,1.0332834909447972,0.005155626383979678,0.9955688369221104,0.15733196327255355
0.13600000000000007,0.017225468163592578,0.0,0.15711305011688498,0.012987072752316678,1.0338062795313734,0.005147043121951644,0.9954285418569866,0.15711305011688498
0.13650000000000007,0.017232611020735436,0.0,0.15690519315242316,0.012749702152598281,1.0343289610293147,0.005138932985378817,0.9952860897385911,0.15690519315242316
0.13700000000000007,0.01723975387787829,0.0,0.1567078386633755,0.012516672002567992,1.034851540667259,0.005131270108649178,0.9951414804524736,0.1567078386633755
0.13750000000000007,0.01724689673502115,0.0,0.1565204353382012,0.012287907489601818,1.0353740236738433,0.0051240299832764355,0.9949947137964895,0.1565204353382012
0.13800000000000007,0.017254039592164008,0.0,0.15634243409795098,0.012063333801075764,1.0358964152777057,0.005117189391639305,0.994845789480842,0.15634243409795098
0.13850000000000007,0.017261182449306862,0.0,0.15617328793398655,0.011842876124365832,1.0364187207074838,0.0051107263436222655,0.9946947071281211,0.15617328793398655
0.13900000000000007,0.01726832530644972,0.0,0.15601245175465495,0.011626459646848029,1.036940945191815,0.005104620016051919,0.9945414662733413,0.15601245175465495
0.13950000000000007,0.01727546816359258,0.0,0.15585938224084067,0.011414009555898358,1.037463093959337,0.005098850694825661,0.9943860663639755,0.15585938224084067
0.14000000000000007,0.017282611020735434,0.0,0.1557135377106533,0.011205451038892826,1.0379851722386875,0.005093399719632267,0.994228506759989,0.1557135377106533
0.14050000000000007,0.017289753877878292,0.0,0.15557437799328777,0.01100070928320744,1.038507185258504,0.005088249431166621,0.994068786733869,0.15557437799328777
0.14100000000000007,0.017296896735021147,0.0,0.15544136431153255,0.010799709476218198,1.0390291382474242,0.005083383120743557,0.9939069054706539,0.15544136431153255
0.14150000000000007,0.017304039592164006,0.0,0.15531409981443525,0.010602391304641575,1.0395510350457882,0.005078785326530511,0.9937428625072273,0.15531409981443525
0.14200000000000007,0.017311182449306864,0.0,0.1551930193275773,0.010408737989141199,1.0400728712905742,0.0050744423853712065,0.9935766599461163,0.1551930193275773
0.14250000000000007,0.01731832530644972,0.0,0.15507713250410063,0.010218587105521915,1.0405946566943067,0.005070338047282103,0.9934082953914856,0.15507713250410063
0.14300000000000007,0.017325468163592577,0.0,0.15496622206465827,0.010031884045460158,1.0411163933472094,0.005066459420511856,0.9932377687924702,0.15496622206465827
0.14350000000000007,0.017332611020735435,0.0,0.15486007127496992,0.009848574200632365,1.0416380833395058,0.005062794277425784,0.9930650800632495,0.15486007127496992
0.14400000000000007,0.01733975387787829,0.0,0.15475846391294226,0.009668602962714974,1.0421597287614197,0.005059331022846928,0.9928902290830541,0.15475846391294226
0.14450000000000007,0.01734689673502115,0.0,0.154661184237283,0.009491915723384418,1.0426813317031747,0.005056058663741825,0.9927132156961743,0.154661184237283
0.14500000000000007,0.017354039592164007,0.0,0.1545680169572135,0.009318457874317138,1.0432028942549945,0.005052966780203448,0.9925340397119671,0.1545680169572135
0.14550000000000007,0.017361182449306862,0.0,0.154478747204034,0.009148174807189567,1.0437244185071028,0.005050045497684981,0.9923527009048629,0.154478747204034
0.14600000000000007,0.01736832530644972,0.0,0.1543931605039786,0.008981011913678144,1.0442459065497232,0.005047285460439313,0.9921691990143726,0.1543931605039786
0.14650000000000007,0.01737546816359258,0.0,0.15431104275225846,0.008816914585459305,1.0447673604730796,0.0050446778061203,0.9919835337450934,0.15431104275225846
0.14700000000000008,0.017382611020735433,0.0,0.1542321801890337,0.008655828214209484,1.0452887823673955,0.00504221414150309,0.9917957047667147,0.1542321801890337
0.14750000000000008,0.017389753877878292,0.0,0.1541563593765095,0.008497698191605122,1.0458101743228945,0.0050398865192818965,0.9916057117140241,0.1541563593765095
0.14800000000000008,0.01739689673502115,0.0,0.15408336717739907,0.008342469909322654,1.0463315384298004,0.0050376874159048235,0.9914135541869117,0.15408336717739907
0.14850000000000008,0.017404039592164005,0.0,0.15401299073505992,0.008190088759038516,1.0468528767783372,0.0050356097104064515,0.9912192317503759,0.15401299073505992
0.14900000000000008,0.017411182449306863,0.0,0.15394501745518813,0.008040500132429145,1.0473741914587278,0.005033646664200046,0.9910227439345272,0.15394501745518813
0.14950000000000008,0.01741832530644972,0.0,0.15387923498830572,0.007893649421170977,1.0478954845611967,0.005031791901792339,0.9908240902345926,0.15387923498830572
0.15000000000000008,0.017425468163592576,0.0,0.15381543121455868,0.00774948201694045,1.0484167581759671,0.0050300393923849275,0.9906232701109197,0.15381543121455868
0.15050000000000008,0.017432611020735435,0.0,0.1537533942293591,0.0076079433114139994,1.0489380143932627,0.005028383432327448,0.9904202829889792,0.1537533942293591
0.15100000000000008,0.017439753877878293,0.0,0.15369333786241227,0.007469024981373626,1.0494592510806875,0.0050268191597676445,0.99021512993015,0.15369333786241227
0.15150000000000008,0.017446896735021148,0.0,0.1536351797665074,0.007332644521304586,1.0499804690440915,0.0050253411074413406,0.9900078108565304,0.1536351797665074
0.15200000000000008,0.017454039592164006,0.0,0.15357865292820624,0.007198733042451868,1.0505016709234454,0.005023944283350834,0.9897983249357601,0.15357865292820624
0.15250000000000008,0.017461182449306865,0.0,0.15352368082980958,0.007067251844001908,1.0510228574695841,0.005022624293808544,0.989586672062554,0.15352368082980958
0.15300000000000008,0.01746832530644972,0.0,0.1534701870318646,0.006938162225141141,1.051544029433343,0.005021376971916378,0.9893728521190988,0.1534701870318646
0.15350000000000008,0.017475468163592578,0.0,0.15341809516955635,0.006811425485056,1.0520651875655562,0.005020198366718995,0.9891568649750538,0.15341809516955635
0.15400000000000008,0.017482611020735436,0.0,0.15336732894894156,0.00668700292293292,1.0525863326170593,0.0050190847328205395,0.988938710487552,0.15336732894894156
0.15450000000000008,0.01748975387787829,0.0,0.15331781214377632,0.006564855837958334,1.0531074653386867,0.005018032520448253,0.9887183885012008,0.15331781214377632
0.15500000000000008,0.01749689673502115,0.0,0.15326946859237695,0.006444945529318677,1.0536285864812736,0.005017038365946775,0.9884958988480822,0.15326946859237695
0.15550000000000008,0.017504039592164008,0.0,0.1532222221945401,0.0063272332962003835,1.0541496967956547,0.005016099082687448,0.9882712413477547,0.1532222221945401
0.15600000000000008,0.017511182449306863,0.0,0.15317599690883987,0.006211680437789887,1.054670797032665,0.005015211652377295,0.9880444158072526,0.15317599690883987
0.15650000000000008,0.01751832530644972,0.0,0.15313071675002224,0.006098248253273621,1.0551918879431397,0.005014373216752845,0.9878154220210876,0.15313071675002224
0.15700000000000008,0.01752546816359258,0.0,0.15308630578666185,0.005986898041838023,1.055712970277913,0.005013581069644328,0.9875842597712495,0.15308630578666185
0.15750000000000008,0.017532611020735434,0.0,0.1530426881387382,0.005877591102669523,1.0562340447878207,0.005012832649396236,0.9873509288272055,0.1530426881387382
0.15800000000000008,0.017539753877878293,0.0,0.15299978797589375,0.0057702887349545574,1.0567551122236971,0.005012125531630604,0.9871154289459022,0.15299978797589375
0.15850000000000009,0.017546896735021147,0.0,0.1529575295153448,0.00566495223787956,1.0572761733363771,0.005011457422339814,0.9868777598717651,0.1529575295153448
0.15900000000000009,0.017554039592164006,0.0,0.15291583702034645,0.005561542910630966,1.057797228876696,0.005010826151296071,0.9866379213366994,0.15291583702034645
0.1595000000000001,0.017561182449306864,0.0,0.152874634798654,0.005460022052395207,1.0583182795954882,0.0050102296657651285,0.9863959130600899,0.152874634798654
0.1600000000000001,0.01756832530644972,0.0,0.15283384720123372,0.0053603509623587195,1.058839326243589,0.005009666024512198,0.986151734748802,0.15283384720123372
0.1605000000000001,0.017575468163592577,0.0,0.15279363948377261,0.005262534990977035,1.0593603671746903,0.005009133636674068,0.9859053872355438,0.15279363948377261
0.1610000000000001,0.017582611020735436,0.0,0.1527538806080708,0.005166493332908273,1.0598814036908395,0.005008630514540593,0.9856568699680589,0.1527538806080708
0.1615000000000001,0.01758975387787829,0.0,0.15271451719470786,0.0050721914263695544,1.0604024363216993,0.0050081550393160125,0.9854061827456122,0.15271451719470786
0.1620000000000001,0.01759689673502115,0.0,0.15267552280009047,0.004979601899496158,1.060923465329045,0.005007705714856155,0.9851533254892026,0.15267552280009047
0.1625000000000001,0.017604039592164007,0.0,0.15263687099534515,0.004888697380423361,1.0614444909746514,0.005007281122318958,0.9848982981154639,0.15263687099534515
0.1630000000000001,0.017611182449306862,0.0,0.15259853536610526,0.0047994504972864414,1.0619655135202941,0.005006879916461316,0.984641100536665,0.15259853536610526
0.1635000000000001,0.01761832530644972,0.0,0.1525604895122823,0.004711833878220675,1.062486533227748,0.005006500822094599,0.9843817326607102,0.1525604895122823
0.1640000000000001,0.01762546816359258,0.0,0.1525227070476694,0.004625820151361342,1.0630075503587884,0.00500614263069312,0.984120194391139,0.1525227070476694
0.1645000000000001,0.017632611020735434,0.0,0.15248516159982162,0.004541381944843719,1.06352856517519,0.005005804197150021,0.9838564856271266,0.15248516159982162
0.1650000000000001,0.017639753877878292,0.0,0.15244782680980618,0.004458491886803082,1.0640495779387287,0.005005484436675129,0.9835906062634829,0.15244782680980618
0.1655000000000001,0.01764689673502115,0.0,0.15241067633201366,0.00437712260537471,1.064570588911179,0.005005182321829554,0.9833225561906541,0.15241067633201366
0.1660000000000001,0.017654039592164005,0.0,0.15237368383394106,0.004297246728693881,1.0650915983543163,0.0050048968796919105,0.9830523352947215,0.15237368383394106
0.1665000000000001,0.017661182449306864,0.0,0.15233682299620044,0.004218836884895872,1.0656126065299159,0.005004627189151203,0.9827799434574018,0.15233682299620044
0.1670000000000001,0.017668325306449722,0.0,0.152300067512195,0.004141865702115961,1.0661336136997528,0.005004372378321547,0.9825053805560475,0.152300067512195
0.1675000000000001,0.017675468163592577,0.0,0.15226339108816023,0.004066305808489424,1.0666546201256022,0.005004131622074066,0.9822286464636467,0.15226339108816023
0.1680000000000001,0.017682611020735435,0.0,0.1522267674431265,0.003992129832151541,1.067175626069239,0.005003904139681408,0.981949741048823,0.1522267674431265
0.1685000000000001,0.017689753877878293,0.0,0.15219017030862478,0.003919310401237588,1.067696631792439,0.005003689192570495,0.9816686641758358,0.15219017030862478
0.1690000000000001,0.01769689673502115,0.0,0.15215357342896094,0.0038478201438828423,1.0682176375569767,0.005003486082179226,0.9813854157045798,0.15215357342896094
0.1695000000000001,0.017704039592164007,0.0,0.15211696136350256,0.003777640014234038,1.068738643516879,0.005003294171147521,0.9810999955498376,0.15211696136350256
0.1700000000000001,0.017711182449306865,0.0,0.15208040646066956,0.0037087919249464483,1.0692596489504949,0.005003112964661023,0.9808124041090168,0.15208040646066956
0.1705000000000001,0.01771832530644972,0.0,0.1520438252531072,0.003641179405659167,1.069780654690374,0.005002941676358874,0.980522640923931,0.1520438252531072
0.1710000000000001,0.017725468163592578,0.0,0.15200720982710314,0.0035747841261522073,1.0703016608155909,0.005002779774808694,0.9802307059462785,0.15200720982710314
0.1715000000000001,0.017732611020735436,0.0,0.15197055227280107,0.003509587756205583,1.0708226674052188,0.005002626755630009,0.979936599126439,0.15197055227280107
0.1720000000000001,0.01773975387787829,0.0,0.1519338446840468,0.0034455719655993072,1.0713436745383325,0.0050024821402237145,0.9796403204134739,0.1519338446840468
0.1725000000000001,0.01774689673502115,0.0,0.15189707915874373,0.003382718424113394,1.0718646822940052,0.005002345474554588,0.9793418697551268,0.15189707915874373
0.1730000000000001,0.017754039592164008,0.0,0.15186024779852583,0.003321008801527856,1.0723856907513114,0.005002216327984979,0.979041247097822,0.15186024779852583
0.1735000000000001,0.017761182449306863,0.0,0.15182334270891457,0.003260424767622707,1.0729066999893249,0.005002094292157886,0.9787384523866663,0.15182334270891457
0.1740000000000001,0.01776832530644972,0.0,0.15178635599946455,0.003200947992177961,1.0734277100871195,0.005001978979927665,0.9784334855654477,0.15178635599946455
0.1745000000000001,0.01777546816359258,0.0,0.1517492797835066,0.0031425601449736307,1.0739487211237693,0.005001870024336674,0.978126346576636,0.1517492797835066
0.1750000000000001,0.017782611020735434,0.0,0.1517121061783865,0.00308524289578973,1.0744697331783482,0.005001767077636167,0.9778170353613825,0.1517121061783865
0.1755000000000001,0.017789753877878293,0.0,0.15167482730546514,0.0030289779144062716,1.0749907463299302,0.0050016698103498595,0.9775055518595203,0.15167482730546514
0.1760000000000001,0.017796896735021148,0.0,0.15163743529003226,0.0029737468706032702,1.0755117606575892,0.005001577910378559,0.9771918960095638,0.15163743529003226
0.1765000000000001,0.017804039592164006,0.0,0.151599922261488,0.0029195314341607386,1.0760327762403994,0.005001491082144359,0.9768760677487094,0.151599922261488
0.1770000000000001,0.017811182449306864,0.0,0.15156228035323546,0.00286631327485869,1.0765537931574345,0.005001409045772907,0.976558067012835,0.15156228035323546
0.1775000000000001,0.017818325306449723,0.0,0.1515245017028285,0.0028140740624771387,1.0770748114877684,0.005001331536312303,0.9762378937364998,0.1515245017028285
0.1780000000000001,0.017825468163592578,0.0,0.15148657845189353,0.002762795466796097,1.0775958313104752,0.005001258302987228,0.9759155478529451,0.15148657845189353
0.1785000000000001,0.017832611020735436,0.0,0.15144850274629423,0.0027124591575955793,1.078116852704629,0.005001189108486966,0.9755910292940932,0.15144850274629423
0.1790000000000001,0.01783975387787829,0.0,0.1514102667360829,0.0026630468046555987,1.0786378757493034,0.005001123728285967,0.9752643379905485,0.1514102667360829
0.1795000000000001,0.01784689673502115,0.0,0.15137186257558044,0.002614540077756169,1.0791589005235727,0.005001061949995718,0.9749354738715965,0.15137186257558044
0.1800000000000001,0.017854039592164007,0.0,0.1513332824233953,0.0025669206466773023,1.0796799271065105,0.005001003572746644,0.9746044368652047,0.1513332824233953
0.1805000000000001,0.017861182449306862,0.0,0.15129451844245703,0.002520170181199014,1.080200955577191,0.005000948406598874,0.9742712268980217,0.15129451844245703
0.1810000000000001,0.01786832530644972,0.0,0.1512555628001278,0.002474270351101317,1.0807219860146884,0.005000896271980688,0.9739358438953778,0.1512555628001278
0.1815000000000001,0.01787546816359258,0.0,0.15121640467854391,0.0024292030405887624,1.081243018527985,0.005000846999392913,0.9735982877618459,0.15121640467854391
0.1820000000000001,0.017882611020735434,0.0,0.1511770739820771,0.00238495725317108,1.0817640528186825,0.005000800436269621,0.9732585586666548,0.1511770739820771
0.1825000000000001,0.017889753877878292,0.0,0.1511375805137072,0.0023415207002636792,1.082285088789379,0.005000756436370589,0.9729166566516961,0.1511375805137072
0.1830000000000001,0.01789689673502115,0.0,0.15109790495224684,0.0022988785448677584,1.0828061266340996,0.005000714858429567,0.9725725815674299,0.15109790495224684
0.1835000000000001,0.017904039592164005,0.0,0.15105803981375254,0.002257016331513054,1.0833271664284918,0.005000675569077899,0.9722263333399938,0.15105803981375254
0.1840000000000001,0.017911182449306864,1.0,0.15102657409190687,0.004132565314285722,1.0838481221930312,0.005004691963020472,0.97187796961881,0.15102657409190687
0.1845000000000001,0.017918325306449722,1.0,0.15221976990089242,0.013120081137772032,1.0843568421480712,0.005189640561046451,0.9715356927312216,0.15221976990089242
0.1850000000000001,0.017925468163592577,1.0,0.16032252280103465,0.022026486328769145,1.0847977373216755,0.005996630034680074,0.9712373749804964,0.16032252280103465
0.1855000000000001,0.017932611020735435,1.0,0.18387631612954647,0.030852512862505604,1.0850973726688584,0.007928342384970585,0.9710337486594297,0.18387631612954647
0.1860000000000001,0.017939753877878294,1.0,0.22863296906513697,0.03959888618892618,1.0852340633521564,0.011489605077055248,0.9709406177779223,0.22863296906513697
0.1865000000000001,0.01794689673502115,1.0,0.2910319272382876,0.04826632514953173,1.085277620216686,0.017159407816321727,0.9709109099607146,0.2910319272382876
0.1870000000000001,0.017954039592164007,1.0,0.3668870134524718,0.05685554209638598,1.0852828948085582,0.025366650089480657,0.9709073114122896,0.3668870134524718
0.1875000000000001,0.017961182449306865,1.0,0.45873583528784384,0.06536724298911281,1.085246542396211,0.03646161923429043,0.970932108037964,0.45873583528784384
0.1880000000000001,0.01796832530644972,1.0,0.5723862386964845,0.0738021271699133,1.0851504879053564,0.050690416547909116,0.970997577637919,0.5723862386964845
0.1885000000000001,0.01797546816359258,1.0,0.7156293219710945,0.0821608886902564,1.084975656409181,0.06817488770098384,0.9711165512713152,0.7156293219710945
0.1890000000000001,0.017982611020735437,1.0,0.8985035690321747,0.09044421345194655,1.0847031107869616,0.0889001702361156,0.9713015320920468,0.8985035690321747
0.1895000000000001,0.01798975387787829,1.0,1.1322069909849957,0.09865278291427801,1.0843199859600625,0.11271491500216284,0.9715605598707795,1.1322069909849957
0.1900000000000001,0.01799689673502115,1.0,1.4237924328610378,0.10678727159069966,1.0838355769482708,0.1393511066525572,0.9718863841510023,1.4237924328610378
0.1905000000000001,0.018004039592164008,1.0,1.7720210743240508,0.11484834793629232,1.0832829368896872,0.16845455543776827,0.9722558096921134,1.7720210743240508
0.19100000000000011,0.018011182449306863,1.0,2.167518351909856,0.12283667487053909,1.082705932074211,0.19961349754138968,0.972638915198944,2.167518351909856
0.19150000000000011,0.01801832530644972,1.0,2.599350044677299,0.13075290829926461,1.0821372992609584,0.23237537680226822,0.9730138562804631,2.599350044677299
0.19200000000000012,0.01802546816359258,1.0,3.0574077127186343,0.13859769957473878,1.0815975018480883,0.26626875759160384,0.9733673907686049,3.0574077127186343
0.19250000000000012,0.018032611020735435,1.0,3.5353568850017214,0.146371692745639,1.0810933736654238,0.3008217877689414,0.9736954589902398,3.5353568850017214
0.19300000000000012,0.018039753877878293,1.0,4.028317332616748,0.15407552740316385,1.0806273515669975,0.3355870403462425,0.9739969207171671,4.028317332616748
0.19350000000000012,0.018046896735021148,1.0,4.5326749184253625,0.16170983529638902,1.080199230252507,0.37015777638590724,0.9742723338676215,4.5326749184253625
0.19400000000000012,0.018054039592164006,1.0,5.045206634884836,0.16927524693398013,1.0798084190592812,0.40418022084040656,0.9745224649890327,5.045206634884836
0.19450000000000012,0.018061182449306865,1.0,5.562863240267874,0.17677238175753335,1.0794543880547571,0.43735932625267815,0.9747480008753763,5.562863240267874
0.19500000000000012,0.018068325306449723,1.0,6.082750209580094,0.18420185514371362,1.0791366734218133,0.46945976819777957,0.9749495476789171,6.082750209580094
0.19550000000000012,0.018075468163592578,1.0,6.602249233492627,0.19156426919028077,1.0788546705558555,0.5003031776521051,0.97512776372611,6.602249233492627
0.19600000000000012,0.018082611020735436,1.0,7.1185336739457385,0.19886025417226966,1.078608358517763,0.5297642027533707,0.9752829038845713,7.1185336739457385
0.19650000000000012,0.01808975387787829,1.0,7.629434055728903,0.20609039777617202,1.0783969716755817,0.5577624369782921,0.9754156593283921,7.629434055728903
0.19700000000000012,0.01809689673502115,1.0,8.132989495439752,0.21325528672299632,1.0782197282433439,0.584256468054352,0.9755266964541497,8.132989495439752
0.19750000000000012,0.018104039592164008,1.0,8.62742854044746,0.220355507733751,1.0780758464350835,0.6092369591391392,0.9756166488137811,8.62742854044746
0.19800000000000012,0.018111182449306863,1.0,9.111160451038671,0.22739164752944446,1.077964544464833,0.6327201000886357,0.9756861192255644,9.111160451038671
0.19850000000000012,0.01811832530644972,1.0,9.582794379583023,0.23436429113085636,1.0778850057422145,0.6547416640466857,0.9757357035221409,9.582794379583023
0.19900000000000012,0.01812546816359258,1.0,10.041332248909411,0.24127400902579407,1.0778361358910569,0.6753516101206175,0.9757661437981957,10.041332248909411
0.19950000000000012,0.018132611020735434,1.0,10.485908880924537,0.2481213680272373,1.0778168945346134,0.6946101461373326,0.9757781236999554,10.485908880924537
0.2,0.018139753877878292,1.0,10.920092639892166,0.2549069309108548,1.077821213724952,0.7125796074571341,0.9757754347775013,10.920092639892166
