Time [s],Lmtc [m],STIM [ ],Fsee [N],Gamma [ ],Lcerel [ ],q [ ],fisomrel [ ],fce [N]
0.0,0.019139753877878293,1.0,9.411581446579985,0.19144908593514068,1.1525527725121976,0.5796471581626974,0.9069106063953668,9.398273450222572
0.0005,0.01911725387787829,1.0,8.127353410725423,0.19874610547266736,1.1526009557385257,0.6084589583220424,0.906851793230754,8.114019550223592
0.001,0.019094753877878293,1.0,7.156741861042959,0.20597727078949193,1.1523275233699009,0.634986053366775,0.9071853024959693,7.143554442506045
0.0015,0.01907225387787829,1.0,6.449967419407216,0.2131431761375387,1.1517419963161135,0.6593171922516012,0.9078974662160024,6.437090871392952
0.002,0.019049753877878293,1.0,5.9435423435674535,0.22024441071662526,1.1508935689166395,0.6816073669904492,0.9089245234383975,5.931109667245719
0.0025,0.019027253877878292,1.0,5.587194082528046,0.2272815578053801,1.149830968183731,0.7020226252984435,0.910202723892503,5.575306345807585
0.003,0.019004753877878294,1.0,5.342170092576224,0.23425519605381248,1.148598734077415,0.7207278570770984,0.9116736649223587,5.330898997844222
0.0035,0.018982253877878292,1.0,5.17946759404926,0.24116589854468873,1.147234682912301,0.7378791576068375,0.9132877925908567,5.1688599549141685
0.004,0.018959753877878294,1.0,5.077552472630137,0.24801423318847107,1.1457697399704547,0.7536207788895344,0.9150047316357841,5.0676349503717715
0.0045000000000000005,0.018937253877878292,1.0,5.020383541471281,0.2548007628317314,1.1442286992303523,0.7680843529449739,0.9167923292732822,5.011166934661662
0.005,0.018914753877878294,1.0,4.995956380478468,0.26152604560922577,1.142631143746664,0.7813891174734264,0.9186254273340738,4.987439279367692
0.0055,0.018892253877878292,1.0,4.995639874194882,0.2681906337697483,1.1409916761156444,0.7936421513171602,0.9204853890644049,4.987811931967289
0.006,0.018869753877878294,1.0,5.012745037838331,0.2747950751848763,1.1393219109893247,0.8049402245058841,0.9223576204731307,5.005589109366563
0.006500000000000001,0.018847253877878292,1.0,5.0422527962176655,0.28133991309054046,1.1376306962626512,0.8153703975000104,0.9242311657850314,5.035746776169097
0.007,0.018824753877878294,1.0,5.080631981165296,0.28782568426090843,1.135924313141842,0.8250107428265709,0.9260983243876739,5.074750347005036
0.0075,0.018802253877878292,1.0,5.124842041833932,0.2942529237337122,1.1342081572902787,0.8339320389809394,0.9279526820669912,5.1195566069805825
0.008,0.018779753877878294,1.0,5.172972338325258,0.3006221582574922,1.1324856225531341,0.8421976073919192,0.9297902392668339,5.168253287778147
0.0085,0.018757253877878292,1.0,5.223479942121823,0.30693391053912494,1.1307594238162244,0.8498647183658236,0.931607892332996,5.219296287704459
0.009000000000000001,0.018734753877878294,1.0,5.275045781907022,0.3131887015765638,1.1290318481968273,0.8569852250628894,0.9334031286036436,5.271365684969637
0.0095,0.018712253877878293,1.0,5.326859337940193,0.3193870449282267,1.1273042819530437,0.863605771667397,0.9351744791856799,5.323650517447366
0.01,0.018689753877878294,1.0,5.378360405556151,0.32552944804233813,1.1255776646449527,0.8697685115955008,0.9369210005692792,5.375590351015513
0.0105,0.018667253877878293,1.0,5.429041020701573,0.33161641538775033,1.1238528307575,0.875511690138794,0.9386419052534163,5.426677086085924
0.011,0.018644753877878294,1.0,5.478509228325377,0.3376484528537373,1.1221304068137345,0.8808699579640458,0.9403366549260468,5.476518737414315
0.0115,0.018622253877878293,1.0,5.526606883503911,0.3436260525138898,1.1204106219396326,0.8858746116589872,0.9420051284964435,5.524957251477366
0.012,0.018599753877878294,1.0,5.573219462589076,0.34954970314224676,1.1186936304730863,0.8905540716501886,0.9436472883404737,5.571878225599454
0.0125,0.018577253877878293,1.0,5.618236615114984,0.3554198917052384,1.116979578549904,0.8949341848934153,0.9452631128091474,5.617171442752176
0.013000000000000001,0.018554753877878295,1.0,5.661601874925896,0.36123710099810297,1.1152685232243185,0.899038435554556,0.9468526702147391,5.660780592655551
0.0135,0.018532253877878293,1.0,5.7032946358103676,0.367001820260587,1.1135604636946215,0.9028881937706861,0.9484160843418502,5.702685235552061
0.014,0.018509753877878295,1.0,5.743354762933468,0.3727145146480422,1.111855302452595,0.9065028820093769,0.9499535652529539,5.742925412029857
0.0145,0.018487253877878293,1.0,5.781823812442421,0.37837564931582024,1.1101529419900216,0.9099002177981154,0.9514653174837717,5.781542846187537
0.015,0.018464753877878295,1.0,5.818744939670537,0.3839856894192728,1.1084532847986837,0.9130963763264647,0.9529515400655024,5.818580853868123
0.0155,0.018442253877878293,1.0,5.854162191072724,0.3895450989773137,1.1067562343662753,0.9161061368198011,0.9544124256957316,5.8540836345825475
0.016,0.018419753877878295,1.0,5.888116650349814,0.3950543068740409,1.1050617012034767,0.9189429964307249,0.9558481557609255,5.888092417615241
0.0165,0.018397253877878293,1.0,5.920710273446641,0.40051382800936774,1.1033695005581385,0.9216193311937677,0.957258985417444,5.9207092981614124
0.017,0.01837475387787829,1.0,5.951993332842612,0.4059240944089628,1.1016795330299203,0.924146459001491,0.9586450902512694,5.951993332842612
0.0175,0.018352253877878293,1.0,5.982017266407215,0.4112855380984947,1.0999916992184806,0.9265347608272292,0.9600066403496036,5.982017266407215
0.018000000000000002,0.01832975387787829,1.0,6.010834605694879,0.41659859110363195,1.0983058997234791,0.9287937673336796,0.9613438003182291,6.010834605694879
0.0185,0.018307253877878293,1.0,6.038498907507865,0.42186368545004305,1.0966220351445748,0.9309322369006385,0.9626567292980822,6.038498907507865
0.019,0.01828475387787829,1.0,6.0650646887198265,0.42708125316339673,1.0949400060814267,0.9329582259409589,0.9639455809810347,6.0650646887198265
0.0195,0.018262253877878293,1.0,6.090587364366607,0.4322517262693614,1.0932597131336939,0.9348791522909033,0.9652105036248845,6.090587364366607
0.02,0.018239753877878292,1.0,6.115123188998415,0.43737553679360575,1.0915810569010356,0.9367018523839205,0.9664516400675571,6.115123188998415
0.0205,0.018217253877878294,1.0,6.138704154412018,0.4424530662902437,1.0899039773102304,0.938432621727911,0.9676690994552063,6.138704154412018
0.021,0.018194753877878292,1.0,6.161397133369359,0.4474847726830436,1.0882283604781275,0.9400772921090284,0.9688630256293663,6.161397133369359
0.021500000000000002,0.018172253877878294,1.0,6.1832663720237875,0.45247111818581176,1.0865540978186787,0.9416412558313989,0.9700335526031784,6.1832663720237875
0.022,0.018149753877878292,1.0,6.204340194498975,0.45741249239141735,1.0848811379164125,0.9431294868795377,0.9711807697040599,6.204340194498975
0.0225,0.018127253877878294,1.0,6.224647321474191,0.4623092848927296,1.0832094293558567,0.9445465917811338,0.9723047634650908,6.224647321474191
0.023,0.018104753877878292,1.0,6.2442168484890805,0.46716188528261765,1.0815389207215402,0.9458968406237227,0.9734056176302655,6.2442168484890805
0.0235,0.018082253877878294,1.0,6.263078225126102,0.47197068315395063,1.0798695605979913,0.9471841951758075,0.9744834131595351,6.263078225126102
0.024,0.018059753877878292,1.0,6.2812612350630355,0.4767360680995978,1.0782012975697384,0.9484123344033378,0.9755382282336369,6.2812612350630355
0.0245,0.018037253877878294,1.0,6.298795977001291,0.4814584297124282,1.0765340802213097,0.9495846776419115,0.9765701382587125,6.298795977001291
0.025,0.018014753877878292,1.0,6.3157128464655,0.48613815758531104,1.0748678571372339,0.9507044056576829,0.977579215870715,6.3157128464655
0.025500000000000002,0.017992253877878294,1.0,6.3320425184789215,0.4907756413111155,1.073202576902039,0.9517744798055626,0.9785655309396043,6.3320425184789215
0.026000000000000002,0.017969753877878292,1.0,6.347815931109038,0.49537127048271073,1.0715381881002537,0.9527976594714691,0.9795291505733309,6.347815931109038
0.0265,0.017947253877878294,1.0,6.36306426989031,0.49992543469296585,1.069874639316406,0.9537765179659413,0.9804701391216086,6.36306426989031
0.027,0.017924753877878292,1.0,6.377794944442862,0.5044384410665917,1.0682119161186643,0.9547134414183409,0.9813885379976812,6.377794944442862
0.0275,0.017902253877878294,1.0,6.3920431661507955,0.5089107567363015,1.0665499614680467,0.9556106943109905,0.982284410514406,6.3920431661507955
0.028,0.017879753877878293,1.0,6.405826841740373,0.5133427529027591,1.0648887452725286,0.9564703725943294,0.9831578029478276,6.405826841740373
0.0285,0.017857253877878294,1.0,6.4191583852410234,0.5177347759053027,1.063228246088619,0.9572944325218679,0.9840087555862281,6.4191583852410234
0.029,0.017834753877878293,1.0,6.4320503207072495,0.5220871720832704,1.0615684424728258,0.958084706002507,0.9848373075658814,6.4320503207072495
0.029500000000000002,0.017812253877878294,1.0,6.444515277214301,0.5264002877760002,1.0599093129816575,0.9588429097726615,0.9856434968722633,6.444515277214301
0.03,0.017789753877878293,1.0,6.45656598400686,0.5306744693228304,1.0582508361716223,0.9595706538074149,0.9864273603412272,6.45656598400686
0.0305,0.017767253877878295,1.0,6.468215265798981,0.5349100630630989,1.0565929905992288,0.9602694490401812,0.9871889336601424,6.468215265798981
0.031,0.017744753877878293,1.0,6.47947603822602,0.5391074153361437,1.0549357548209852,0.9609407144534862,0.9879282513689944,6.47947603822602
0.0315,0.017722253877878295,1.0,6.490361303448901,0.5432668724813032,1.0532791073933998,0.9615857835973597,0.9886453468614502,6.490361303448901
0.032,0.017699753877878293,1.0,6.500884145909144,0.5473887808379152,1.0516230268729811,0.9622059105863342,0.9893402523858859,6.500884145909144
0.0325,0.017677253877878295,1.0,6.511057728238128,0.5514734867453179,1.0499674918162374,0.9628022756211244,0.990012999046377,6.511057728238128
0.033,0.017654753877878293,1.0,6.520895287314943,0.5555213365428495,1.0483124807796769,0.9633759900766394,0.9906636168036534,6.520895287314943
0.0335,0.017632253877878295,1.0,6.530402193462408,0.5595326098057083,1.046657984402519,0.9639280897618111,0.9912921299659772,6.530402193462408
0.034,0.017609753877878293,1.0,6.539590064008911,0.5635076967455156,1.0450039838883656,0.9644595718151134,0.9918985657367029,6.539590064008911
0.0345,0.017587253877878295,1.0,6.5484692857012945,0.5674469555368273,1.0433504624023788,0.9649713709625217,0.9924829496379998,6.5484692857012945
0.035,0.017564753877878293,1.0,6.557045371561407,0.5713506924026196,1.0416974105950356,0.9654643609821344,0.9930453037986761,6.557045371561407
0.035500000000000004,0.01754225387787829,1.0,6.565323872872645,0.5752192135658687,1.0400448191168128,0.9659393674662441,0.993585649847607,6.565323872872645
0.036000000000000004,0.017519753877878293,1.0,6.573310377742674,0.5790528252495507,1.0383926786181874,0.9663971709356021,0.9941040089140823,6.573310377742674
0.0365,0.017497253877878295,1.0,6.581010509696385,0.5828518336766418,1.0367409797496363,0.9668385097254683,0.9946004016281472,6.581010509696385
0.037,0.017474753877878293,1.0,6.588429926296702,0.5866165450701184,1.0350897131616366,0.9672640826620457,0.9950748481209363,6.588429926296702
0.0375,0.017452253877878292,1.0,6.595574317796212,0.5903472656529567,1.033438869504665,0.9676745515462256,0.995527368025,6.595574317796212
0.038,0.017429753877878294,1.0,6.602449405815234,0.5940443016481327,1.0317884394291985,0.9680705434600961,0.9959579804746247,6.602449405815234
0.0385,0.017407253877878292,1.0,6.60906094204971,0.5977079592786229,1.0301384135857141,0.9684526529102928,0.9963667041061458,6.60906094204971
0.039,0.017384753877878294,1.0,6.615414707009031,0.6013385447674032,1.0284887826246887,0.9688214438210581,0.996753557058253,6.615414707009031
0.0395,0.017362253877878292,1.0,6.621516508780856,0.6049363643374501,1.0268395371965993,0.9691774513887572,0.9971185569722895,6.621516508780856
0.04,0.017339753877878294,1.0,6.627372181826786,0.6085017242117396,1.025190667951923,0.969521183808598,0.9974617209925438,6.627372181826786
0.0405,0.017317253877878292,1.0,6.632983302101393,0.6120348580621253,1.0235421720116993,0.969853113622988,0.9977830645478862,6.632983302101393
0.041,0.017294753877878294,1.0,6.638356174205637,0.6155361351097888,1.0218940393830382,0.9701737096416906,0.9980826041579759,6.638356174205637
0.0415,0.017272253877878292,1.0,6.643494670483416,0.6190058521302872,1.0202462637803675,0.9704834072943643,0.9983603552117432,6.643494670483416
0.042,0.017249753877878294,1.0,6.6484014550909185,0.6224442792198568,1.0185988407699833,0.970782617231527,0.9986163324880513,6.6484014550909185
0.0425,0.017227253877878292,1.0,6.653079208948052,0.625851686474733,1.0169517659181815,0.9710717304223404,0.9988505505290207,6.653079208948052
0.043000000000000003,0.017204753877878294,1.0,6.657530629226624,0.6292283439911517,1.015305034791258,0.9713511192692758,0.9990630236401535,6.657530629226624
0.043500000000000004,0.017182253877878292,1.0,6.6617584288425205,0.6325745218653487,1.0136586429555088,0.9716211386509304,0.9992537658904557,6.6617584288425205
0.044,0.017159753877878294,1.0,6.665765335956292,0.6358904901935597,1.0120125859772298,0.9718821268981832,0.9994227911125586,6.665765335956292
0.0445,0.017137253877878292,1.0,6.6695540934783155,0.6391765190720204,1.010366859422717,0.9721344067084632,0.9995701129028385,6.6695540934783155
0.045,0.017114753877878294,1.0,6.67312745858305,0.6424328785969668,1.0087214588582665,0.9723782860025287,0.9996957446215342,6.67312745858305
0.0455,0.017092253877878293,1.0,6.676488202226671,0.6456598388646346,1.0070763798501738,0.9726140587278125,0.9997996993928642,6.676488202226671
0.046,0.017069753877878294,1.0,6.679639108674158,0.6488576699712594,1.0054316179647353,0.97284200561207,0.9998819901051407,6.679639108674158
0.0465,0.017047253877878293,1.0,6.682582975030341,0.6520266420130771,1.003787168768247,0.9730623948707869,0.9999426294108833,6.682582975030341
0.047,0.017024753877878294,1.0,6.685322610779795,0.6551670250863235,1.0021430278270045,0.9732754828715253,0.9999816297269307,6.685322610779795
0.0475,0.017002253877878293,1.0,6.687859876366266,0.6582790775307977,1.0004991921528803,0.9734815134465881,0.999999003228778,6.687859876366266
0.048,0.016979753877878295,1.0,6.690195848205707,0.6613630445838093,0.9988556599532018,0.9736807183669115,0.9999947619434292,6.690195848205707
0.0485,0.016957253877878293,1.0,6.692324150841879,0.6644191770171581,0.9972124406564147,0.9738733213819919,0.9999689180516239,6.692324150841879
0.049,0.016934753877878295,1.0,6.69423721963564,0.6674477248401981,0.9955695454873033,0.9740595368385591,0.9999214842912437,6.69423721963564
0.0495,0.016912253877878293,1.0,6.69592401813396,0.6704489494479374,0.9939269908990274,0.9742395719965602,0.999852474241838,6.69592401813396
0.05,0.016889753877878295,1.0,6.697381859199714,0.6734230911818486,0.9922847808022751,0.974413621604875,0.9997619015709243,6.697381859199714
0.0505,0.016867253877878293,1.0,6.698608066236476,0.6763703903834046,0.9906429191077343,0.9745818723462838,0.9996497801487024,6.698608066236476
0.051000000000000004,0.016844753877878295,1.0,6.699599973637067,0.679291087394078,0.9890014097260927,0.9747445032375728,0.9995161240479469,6.699599973637067
0.051500000000000004,0.016822253877878293,1.0,6.70035492723546,0.6821854225553413,0.9873602565680384,0.9749016860071271,0.9993609475438967,6.70035492723546
0.052000000000000005,0.01679975387787829,1.0,6.700870284765095,0.6850536362086673,0.9857194635442591,0.975053585451439,0.999184265114145,6.700870284765095
0.0525,0.016777253877878293,1.0,6.70114387766387,0.6878959673299778,0.984079033872135,0.975200359544659,0.9989860913502215,6.70114387766387
0.053,0.016754753877878295,1.0,6.701175853007984,0.6907126473658216,0.9824389673083872,0.9753421587874744,0.9987664405232164,6.701175853007984
0.0535,0.016732253877878293,1.0,6.700965956029313,0.6935039074195248,0.9807992642332881,0.9754791277785684,0.9985253269840676,6.700965956029313
0.054,0.01670975387787829,0.0,6.700364473583092,0.6906897793852496,0.979160149665441,0.9749911945527677,0.9982628025521327,6.700364473583092
0.0545,0.016687253877878293,0.0,6.697740486461474,0.6780577278428914,0.9775240751114029,0.9733240756647064,0.9979793312016085,6.697740486461474
0.055,0.016664753877878295,0.0,6.6929424614501105,0.6656566471723343,0.975891270221205,0.971549473093204,0.9976750765938122,6.6929424614501105
0.0555,0.016642253877878294,0.0,6.686200315342679,0.6534822787911795,0.9742613926029436,0.9696608793694124,0.9973500963570407,6.686200315342679
0.056,0.016619753877878292,0.0,6.6776342018759,0.6415305959115368,0.9726342657999737,0.967651495253105,0.9970044663667741,6.6776342018759
0.0565,0.016597253877878294,0.0,6.667364757261383,0.6297975717455155,0.9710097133556503,0.9655141739227163,0.9966382531211138,6.667364757261383
0.057,0.016574753877878292,0.0,6.655512944962361,0.6182791795052255,0.9693875588133285,0.963241409298983,0.9962515137783703,6.655512944962361
0.0575,0.016552253877878294,0.0,6.642175449325125,0.6069715004113634,0.967767662639916,0.9608253521844977,0.9958443057132229,6.642175449325125
0.058,0.016529753877878292,0.0,6.627421707422408,0.5958705289124225,0.9661499267123579,0.9582577689639413,0.9954166901536851,6.627421707422408
0.0585,0.016507253877878294,0.0,6.611272393096999,0.584972505637973,0.9645343269698142,0.955530110781594,0.9949687441460638,6.611272393096999
0.059000000000000004,0.016484753877878292,0.0,6.593723341079326,0.5742738264621423,0.9629208775553482,0.9526335022306575,0.994500554714938,6.593723341079326
0.059500000000000004,0.016462253877878294,0.0,6.574770892052994,0.563770887259058,0.9613095926120228,0.9495587051966422,0.9940122095046094,6.574770892052994
0.06,0.016439753877878292,0.0,6.554411902733461,0.5534600839028477,0.9597004862829013,0.9462961189125072,0.9935037967766615,6.554411902733461
0.0605,0.016417253877878294,0.0,6.532635274488696,0.5433378936088665,0.9580935856204725,0.9428358109475871,0.9929754097354053,6.532635274488696
0.061,0.016394753877878292,0.0,6.509420225223582,0.5334007583597471,0.9564889333521136,0.9391674936043207,0.9924271483166528,6.509420225223582
0.0615,0.016372253877878294,0.0,6.484728578906645,0.5236452814616379,0.9548865998383933,0.9352806047787495,0.9918591245034349,6.484728578906645
0.062,0.016349753877878292,0.0,6.458508074714683,0.5140682425323976,0.9532866783363919,0.9311643493066178,0.9912714623166091,6.458508074714683
0.0625,0.016327253877878294,0.0,6.430707508039716,0.5046664211898846,0.9516892621031898,0.926807663499842,0.9906642904154629,6.430707508039716
0.063,0.016304753877878293,0.0,6.4012768062391325,0.49543659705195753,0.9500944443958677,0.9221992409031655,0.9900377420793715,6.4012768062391325
0.0635,0.016282253877878294,0.0,6.370163396766124,0.4863756071791461,0.9485023241906865,0.9173275932433476,0.9893919575449553,6.370163396766124
0.064,0.016259753877878293,0.0,6.337310784123154,0.4774802918967162,0.9469130085821265,0.9121810689528442,0.9887270853687945,6.337310784123154
0.0645,0.016237253877878294,0.0,6.30265608585037,0.4687475779624325,0.9453266168516756,0.906747946161659,0.9880432847004661,6.30265608585037
0.065,0.016214753877878293,0.0,6.266126713930931,0.4601745878793639,0.9437432859596637,0.9010165702093639,0.9873407285015353,6.266126713930931
0.0655,0.016192253877878295,0.0,6.227652007871159,0.4517584441505793,0.9421631528664207,0.8949753186338714,0.986619596454588,6.227652007871159
0.066,0.016169753877878293,0.0,6.187163376299073,0.44349626927914787,0.9405863545322765,0.8886126689768881,0.9858800749289426,6.187163376299073
0.0665,0.016147253877878295,0.0,6.144592830611552,0.43538524946121904,0.9390130304507899,0.8819173230922616,0.9851223581808148,6.144592830611552
0.067,0.016124753877878293,0.0,6.0998699350115695,0.42742258582750936,0.9374433277417415,0.8748782681800804,0.9843466510238914,6.0998699350115695
0.0675,0.016102253877878295,0.0,6.0529254188009505,0.4196053912858298,0.9358773958450972,0.867484778265379,0.9835531665455746,6.0529254188009505
0.068,0.016079753877878293,0.0,6.003685002754082,0.4119311296235438,0.9343153966554743,0.8597269005009037,0.9827421315338892,6.003685002754082
0.0685,0.01605725387787829,0.0,5.952077568571493,0.40439726462801473,0.9327574920674903,0.8515953091410434,0.9819137805077854,5.952077568571493
0.069,0.016034753877878293,0.0,5.8980353735573,0.39700126008660597,0.9312038439757628,0.8430814207204439,0.9810683556651553,5.8980353735573
0.0695,0.016012253877878295,0.0,5.841494273956637,0.38974057978668086,0.9296546142749096,0.8341775136222546,0.980206106828753,5.841494273956637
0.07,0.015989753877878293,0.0,5.782393956952978,0.3826126875156029,0.928109964859548,0.8248768508854759,0.9793272913900183,5.782393956952978
0.07050000000000001,0.01596725387787829,0.0,5.720684562649179,0.37561522460454055,0.9265700472450891,0.8151740256952966,0.9784321681536462,5.720684562649179
0.07100000000000001,0.015944753877878293,0.0,5.656295510657987,0.3687455981336704,0.9250350536722396,0.8050646292730192,0.977521027288304,5.656295510657987
0.07150000000000001,0.01592225387787829,0.0,5.589187464364859,0.36200155633685904,0.9235051332134747,0.7945460595101174,0.976594141421247,5.589187464364859
0.07200000000000001,0.015899753877878293,0.0,5.519327858211308,0.3553808785383857,0.921980431463103,0.7836173326524148,0.9756517877012657,5.519327858211308
0.0725,0.015877253877878292,0.0,5.446688995277333,0.34888134406252974,0.9204610940154335,0.7722791702044097,0.9746942497391132,5.446688995277333
0.073,0.015854753877878294,0.0,5.37124830181309,0.34250073223357,0.918947266464775,0.7605341121247974,0.9737218175458713,5.37124830181309
0.0735,0.015832253877878295,0.0,5.292988588771421,0.33623682237578606,0.917439094405436,0.7483866183238934,0.9727347874696219,5.292988588771421
0.074,0.015809753877878294,0.0,5.211923378968342,0.33008753065575924,0.9159366807309378,0.7358433768397793,0.9717334334138709,5.211923378968342
0.0745,0.015787253877878292,0.0,5.12802186088064,0.324050591687355,0.9144402132910592,0.7229129155384559,0.9707180915932823,5.12802186088064
0.075,0.015764753877878294,0.0,5.041324344947872,0.31812400692310516,0.9129497688279563,0.7096063300948577,0.969689029011575,5.041324344947872
0.0755,0.015742253877878292,0.0,4.951887300729044,0.31230582822365727,0.9114654047188712,0.6959370414309834,0.9686465017536269,4.951887300729044
0.076,0.015719753877878294,0.0,4.8597720194281,0.30659410744965904,0.9099871783410461,0.6819207275412555,0.9675907677479735,4.8597720194281
0.0765,0.015697253877878292,0.0,4.765044729698597,0.30098689646175797,0.9085151470717232,0.6675753018323121,0.9665220867387663,4.765044729698597
0.077,0.015674753877878294,0.0,4.667776714537254,0.29548224712060167,0.9070493682881448,0.6529208623562798,0.9654407202574682,4.667776714537254
0.0775,0.015652253877878292,0.0,4.568087237617752,0.29007833514086073,0.9055898214492442,0.6379798470777187,0.9643468727440576,4.568087237617752
0.078,0.015629753877878294,0.0,4.466032580437264,0.28477315817419563,0.9041366081534148,0.6227763838838437,0.9632408404146723,4.466032580437264
0.0785,0.015607253877878292,0.0,4.361763593069692,0.27956493686902373,0.9026896658432939,0.6073368717908095,0.9621227954652408,4.361763593069692
0.079,0.015584753877878294,0.0,4.255461392233816,0.27445196985187414,0.9012488792729272,0.5916896084010986,0.9609928646205883,4.255461392233816
0.0795,0.015562253877878292,0.0,4.14730786340712,0.26943255574927577,0.8998141331963598,0.5758644521278898,0.9598511683712131,4.14730786340712
0.08,0.015539753877878294,0.0,4.037485428639558,0.2645049931877576,0.8983853123676375,0.559892597444409,0.9586978210295096,4.037485428639558
0.0805,0.015517253877878293,0.0,3.9261768187543242,0.2596675807938487,0.8969623015408057,0.5438063279692316,0.9575329307849286,3.9261768187543242
0.081,0.015494753877878294,0.0,3.813572846995637,0.2549186465910537,0.8955449695389635,0.5276388256909806,0.9563565864455357,3.813572846995637
0.0815,0.015472253877878293,0.0,3.699895702438672,0.2502565718241449,0.894133120486111,0.511423924415072,0.9551688152879669,3.699895702438672
0.082,0.015449753877878293,0.0,3.585361794099978,0.24567967144660435,0.892726564517072,0.49519552736197736,0.9539696401587603,3.585361794099978
0.0825,0.015427253877878293,0.0,3.470231541971861,0.24118645875375447,0.8913250135642106,0.4789880540501741,0.952758989292724,3.470231541971861
0.083,0.015404753877878293,0.0,3.3547588686977377,0.23677544704091769,0.8899281795598912,0.4628356457460166,0.9515367773800019,3.3547588686977377
0.0835,0.015382253877878293,0.0,3.239190736941474,0.23244514960341642,0.8885357744364785,0.44677187437051197,0.9503029056780976,3.239190736941474
0.084,0.015359753877878293,0.0,3.123766714173239,0.22819407973657313,0.8871475101263366,0.4308294626972104,0.9490572621172588,3.123766714173239
0.0845,0.015337253877878293,0.0,3.008717091798045,0.22402075344696928,0.8857631018656068,0.4150400335715483,0.9477997244185291,3.008717091798045
0.085,0.015314753877878293,0.0,2.894239636758709,0.21992380969302308,0.8843823208099278,0.3994343384855055,0.9465302090348062,2.894239636758709
0.0855,0.015292253877878293,0.0,2.7806624444578714,0.21590169159294686,0.8830046189469564,0.38404054778962465,0.9452483232490124,2.7806624444578714
0.08600000000000001,0.015269753877878293,0.0,2.6681421827626166,0.21195310112261778,0.8816298138174689,0.3688863480175777,0.9439539960924517,2.6681421827626166
0.08650000000000001,0.015247253877878293,0.0,2.556829992292842,0.20807674025791295,0.880257722962242,0.3539974900303617,0.9426471483592512,2.556829992292842
0.08700000000000001,0.015224753877878293,0.0,2.4468713173021066,0.20427131097470944,0.8788881639220522,0.33939764395247646,0.9413276926473132,2.4468713173021066
0.08750000000000001,0.015202253877878293,0.0,2.338405747557548,0.2005355152488844,0.8775209542376758,0.3251082868128854,0.939995533396602,2.338405747557548
0.088,0.015179753877878293,0.0,2.2315668712187,0.19686805505631502,0.8761559114498896,0.3111486230739018,0.9386505669247697,2.2315668712187
0.0885,0.015157253877878293,0.0,2.1264666181326626,0.19326764395934992,0.8747928945046898,0.2975356146122537,0.937292722933945,2.1264666181326626
0.08888888888888889,0.015139753877878291,0.0,2.0458389374657977,0.19051290711557087,0.8737344989130421,0.2871973703861704,0.9362280929410377,2.0458389374657977
0.08938888888888889,0.015154753877878291,0.0,2.8691261254921083,0.1870287219685812,0.8727775192343616,0.2745831839994722,0.9352577615513471,2.8691261254921083
0.0898888888888889,0.015169753877878292,0.0,3.536141370788457,0.18360826050271625,0.8724189191477139,0.2628305941171422,0.9348922712342497,3.536141370788457
0.0903888888888889,0.015184753877878291,0.0,4.07712653106876,0.18025035726810573,0.8724329041523573,0.25171958049983845,0.9349065442279934,4.07712653106876
0.0908888888888889,0.01519975387787829,0.0,4.492705318422143,0.17695386805773738,0.8727450049933176,0.24116970334467872,0.935224664983397,4.492705318422143
0.0913888888888889,0.015214753877878292,0.0,4.639479290319213,0.17371766968171695,0.8735711313230897,0.23132891540742337,0.9360629646603063,4.639479290319213
0.0918888888888889,0.015229753877878291,0.0,4.552454023770816,0.17054065947094954,0.8748223976604761,0.22209754140260327,0.937322271490112,4.552454023770816
0.0923888888888889,0.015244753877878292,0.0,4.398194160922228,0.16742175487463726,0.8761994267764557,0.21323160424721582,0.9386936722780874,4.398194160922228
0.0928888888888889,0.015259753877878292,0.0,4.236945001180158,0.16435989321606545,0.8775946799394001,0.20464759259886955,0.9400677504834484,4.236945001180158
0.0933888888888889,0.015274753877878291,0.0,4.0790579599477095,0.16135403163417597,0.8789892574734817,0.19633094194459655,0.9414256007727227,4.0790579599477095
0.0938888888888889,0.015289753877878292,0.0,3.9259912376362074,0.1584031442952215,0.8803802565112715,0.18827855917072223,0.9427644678707632,3.9259912376362074
0.0943888888888889,0.015304753877878292,0.0,3.777877178789386,0.15550622780327206,0.8817672008581037,0.18048850916506728,0.944084020828288,3.777877178789386
0.0948888888888889,0.015319753877878291,0.0,3.6346904409493286,0.1526623171660449,0.8831499014605003,0.1729585309911702,0.9453842178852369,3.6346904409493286
0.0953888888888889,0.015334753877878292,0.0,3.4963632626954313,0.14987038729142912,0.8845282460830874,0.1656856422493924,0.946665096189408,3.4963632626954313
0.0958888888888889,0.015349753877878292,0.0,3.362774346543896,0.14712950897593327,0.885902231017389,0.15866665776867542,0.9479267964527629,3.362774346543896
0.0963888888888889,0.015364753877878291,0.0,3.233798450119454,0.14443877046563516,0.8872718648645216,0.15189793616607802,0.9491694701955092,3.233798450119454
0.0968888888888889,0.015379753877878292,0.0,3.10931252399846,0.14179726000661264,0.888637156225602,0.14537537172820467,0.9503932681059161,3.10931252399846
0.0973888888888889,0.015394753877878291,0.0,2.9891956993563915,0.13920406584494355,0.8899981137017472,0.13909444512084576,0.951598340043305,2.9891956993563915
0.0978888888888889,0.015409753877878293,0.0,2.8733138787963486,0.13665835183702446,0.8913547812300241,0.13305048767736033,0.9527848657536963,2.8733138787963486
0.0983888888888889,0.015424753877878292,0.0,2.761497537231498,0.13415913327245796,0.8927072935628408,0.12723815771070382,0.9539531005815584,2.761497537231498
0.0988888888888889,0.015439753877878291,0.0,2.6536209923974483,0.13170558399494584,0.8940556959482342,0.12165220605724858,0.955103217755948,2.6536209923974483
0.0993888888888889,0.015454753877878293,0.0,2.5495642518149686,0.12929690573542876,0.895400027596724,0.11628720118410311,0.9562353830929355,2.5495642518149686
0.0998888888888889,0.015469753877878292,0.0,2.4492102765698323,0.12693230022484747,0.8967403277188299,0.11113749930268811,0.9573497603215414,2.4492102765698323
0.1003888888888889,0.015484753877878291,0.0,2.352444928832663,0.12461096919414263,0.8980766355250719,0.1061972836182615,0.9584465110964439,2.352444928832663
0.1008888888888889,0.015499753877878292,0.0,2.259156919886935,0.12233211437425492,0.8994089902259695,0.10146060127841232,0.9595257950105637,2.259156919886935
0.1013888888888889,0.015514753877878292,0.0,2.1692377586642837,0.12009493749612504,0.9007374310320427,0.0969213979364891,0.9605877696075261,2.1692377586642837
0.1018888888888889,0.015529753877878291,0.0,2.082602282418944,0.11789870464437267,0.9020619416714628,0.0925736699535682,0.9616325469233442,2.082602282418944
0.1023888888888889,0.015544753877878292,0.0,1.9991702124398307,0.11574259102960825,0.9033824952674404,0.0884111676471796,0.9626602311170153,1.9991702124398307
0.1028888888888889,0.015559753877878292,0.0,1.9188596961239452,0.11362587755924133,0.9046990714356927,0.08442785821562293,0.9636709320591232,1.9188596961239452
0.1033888888888889,0.015574753877878291,0.0,1.841593450221641,0.11154787501920396,0.906011639448755,0.08061776404243605,0.9646647523235566,1.841593450221641
0.1038888888888889,0.015589753877878292,0.0,1.7672948854812591,0.10950789419542822,0.907320168579162,0.07697492286923245,0.9656417953912202,1.7672948854812591
0.1043888888888889,0.015604753877878292,0.0,1.695888147494861,0.10750524587384615,0.9086246280994489,0.07349340848104248,0.9666021656401439,1.695888147494861
0.1048888888888889,0.015619753877878293,0.0,1.6272981578564947,0.1055392408403898,0.9099249872821507,0.07016734932821496,0.9675459683355171,1.6272981578564947
0.1053888888888889,0.015634753877878292,0.0,1.5614506556313779,0.10360918988099126,0.9112212153998025,0.06699094516317954,0.968473309619647,1.5614506556313779
0.10588888888888891,0.015649753877878293,0.0,1.4982704596825291,0.10171449737432088,0.9125132873804149,0.06395864649233707,0.9693843004600725,1.4982704596825291
0.10638888888888891,0.01566475387787829,0.0,1.4376877320184582,0.0998543887141513,0.9138011642123949,0.0610646772758161,0.970279042835446,1.4376877320184582
0.10688888888888891,0.015679753877878292,0.0,1.3796229219561498,0.09802825485090415,0.9150848414730475,0.05830366950203482,0.97115766340937,1.3796229219561498
0.10738888888888891,0.015694753877878293,0.0,1.3239973274298138,0.09623550830911748,0.9163643174002319,0.055670393731392875,0.9720202903842834,1.3239973274298138
0.10788888888888891,0.01570975387787829,0.0,1.2707339520294239,0.09447556161332928,0.9176395902318073,0.05315972889041914,0.9728670516112615,1.2707339520294239
0.10838888888888891,0.015724753877878292,0.0,1.2197575074469569,0.09274782728807755,0.9189106582056329,0.050766670128772104,0.9736980745894253,1.2197575074469569
0.10888888888888891,0.015739753877878293,0.0,1.1709944159239307,0.09105171785790034,0.9201775195595676,0.04848633541379816,0.9745134864653472,1.1709944159239307
0.10938888888888891,0.01575475387787829,0.0,1.1243728126994743,0.08938664584733566,0.9214401725314709,0.046313970953213185,0.9753134140324597,1.1243728126994743
0.10988888888888891,0.015769753877878292,0.0,1.079822548460724,0.08775202378092149,0.9226986153592017,0.04424495553546222,0.9760979837304614,1.079822548460724
0.11038888888888891,0.015784753877878293,0.0,1.0372648203966928,0.08614734022335334,0.9239528858964223,0.04227491146625212,0.9768673457460697,1.0372648203966928
0.11088888888888891,0.01579975387787829,0.0,0.9966227230659344,0.0845719613169588,0.9252030245044792,0.04039942796109667,0.9776216498268898,0.9966227230659344
0.11138888888888891,0.01581475387787829,0.0,0.9578245655803275,0.08302534390488665,0.9264490609116433,0.03861435296530974,0.9783610374368833,0.9578245655803275
0.11188888888888891,0.015829753877878293,0.0,0.920797954863991,0.08150699435300214,0.9276910369194988,0.036915729508803806,0.9790856554328908,0.920797954863991
0.11238888888888891,0.01584475387787829,0.0,0.8854729642599547,0.08001641902717052,0.9289289943296303,0.03529972686012235,0.9797956486120091,0.8854729642599547
0.11288888888888891,0.01585975387787829,0.0,0.8517820777429739,0.07855312429325705,0.9301629749436219,0.03376264113925648,0.9804911597250993,0.8517820777429739
0.11338888888888891,0.015874753877878293,0.0,0.819660134709148,0.07711661651712695,0.9313930205630578,0.03230089536712611,0.981172329490156,0.819660134709148
0.11388888888888891,0.015889753877878294,0.0,0.7890442753431935,0.07570640206464549,0.9326191729895226,0.03091103900970935,0.9818392966055365,0.7890442753431935
0.11438888888888891,0.01590475387787829,0.0,0.759873886563181,0.07432198730167791,0.9338414740246004,0.029589747071632325,0.9824921977630495,0.759873886563181
0.11488888888888892,0.015919753877878293,0.0,0.7320901780971143,0.0729628860416849,0.9350599671541728,0.02833382640304537,0.9831311685359315,0.7320901780971143
0.11538888888888892,0.015934753877878294,0.0,0.7056275030816006,0.07162867780790516,0.9362747376553684,0.02714027296205558,0.9837563637564315,0.7056275030816006
0.11588888888888892,0.01594975387787829,0.0,0.680429653380074,0.07031881113089027,0.9374858393223612,0.02600606792761439,0.9843679188590815,0.680429653380074
0.11638888888888892,0.015964753877878293,0.0,0.6564408469137359,0.06903287183611465,0.9386933343919663,0.024928443221457812,0.984965971008099,0.6564408469137359
0.11688888888888892,0.015979753877878294,0.0,0.6336075446497152,0.0677704457490527,0.939897285100999,0.023904737131831534,0.9855506546470776,0.6336075446497152
0.11738888888888892,0.01599475387787829,0.0,0.6118783770826546,0.06653111869517886,0.9410977536862746,0.022932392389989186,0.9861221015167889,0.6118783770826546
0.11788888888888892,0.016009753877878292,0.0,0.5912040719958837,0.06531447649996754,0.942294802384608,0.022008954058520627,0.9866804406726742,0.5912040719958837
0.11838888888888892,0.016024753877878294,0.0,0.5715373835019968,0.06412010498889316,0.9434884934328148,0.021132067260110098,0.987225798502028,0.5715373835019968
0.11888888888888892,0.01603975387787829,0.0,0.5528330223635465,0.06294758998743014,0.9446788890677099,0.020299474773083227,0.9877582987408691,0.5528330223635465
0.11938888888888892,0.016054753877878292,0.0,0.535047587593236,0.0617965173210529,0.9458660515261087,0.019509014517940005,0.9882780624905043,0.535047587593236
0.11988888888888892,0.016069753877878293,0.0,0.5181382616444662,0.0606665276464595,0.9470500497338961,0.01875865660258786,0.9887852110672685,0.5181382616444662
0.12038888888888892,0.01608475387787829,0.0,0.502062401297067,0.05955717646616469,0.9482309617218517,0.01804639728258204,0.9892798667030225,0.502062401297067
0.12088888888888892,0.016099753877878292,0.0,0.48678113037549064,0.05846807426515698,0.9494088549048523,0.017370359047363046,0.9897621441518468,0.48678113037549064
0.12138888888888892,0.016114753877878293,0.0,0.4722571634075086,0.057398874726338776,0.9505837971471397,0.016728774587030513,0.9902321555824198,0.4722571634075086
0.12188888888888892,0.01612975387787829,0.0,0.45845482319285624,0.05634923153261246,0.9517558563129559,0.016119952499556788,0.9906900103996154,0.45845482319285624
0.12238888888888892,0.016144753877878292,0.0,0.4453399754007908,0.055318798366880424,0.9529251002665429,0.0155422749828497,0.9911358152603398,0.4453399754007908
0.12288888888888892,0.016159753877878293,0.0,0.43287996468899903,0.05430722891204505,0.9540915968721425,0.014994195509410797,0.9915696740890005,0.43287996468899903
0.12338888888888892,0.01617475387787829,0.0,0.4210435523443211,0.05331417685100873,0.9552554139939968,0.014474236494314934,0.9919916880926055,0.4210435523443211
0.12388888888888892,0.016189753877878292,0.0,0.40980085544524686,0.05233929586667385,0.9564166194963477,0.013980986966135794,0.9924019557754954,0.40980085544524686
0.12438888888888892,0.016204753877878293,0.0,0.3991232875454099,0.051382239641942815,0.957575281243437,0.013513100249414663,0.9928005729537062,0.3991232875454099
0.12488888888888892,0.016219753877878294,0.0,0.38898366322316724,0.050442723937624,0.9587314660868841,0.013069323154724165,0.993187632434648,0.38898366322316724
0.12538888888888894,0.016234753877878292,0.0,0.37935445975570203,0.04952035498391256,0.9598852504259777,0.01264840451901408,0.9935632274664539,0.37935445975570203
0.12588888888888894,0.016249753877878293,0.0,0.37021091808732126,0.04861482035007857,0.9610367006218408,0.012249192210933884,0.9939274452062717,0.37021091808732126
0.12638888888888894,0.016264753877878294,0.0,0.361529594485184,0.04772583280665197,0.962185881383283,0.011870598722424594,0.9942803697329634,0.361529594485184
0.12688888888888894,0.016279753877878292,0.0,0.3532880430008019,0.04685310512416267,0.9633328574191141,0.011511586131563906,0.9946220826198119,0.3532880430008019
0.12738888888888894,0.016294753877878293,0.0,0.34546476764449435,0.045996350073140624,0.9644776934381438,0.011171164279294939,0.9949526629461021,0.34546476764449435
0.12788888888888894,0.016309753877878294,0.0,0.3380391759429209,0.045155280424115755,0.9656204541491821,0.010848388976369618,0.9952721873083661,0.3380391759429209
0.12838888888888894,0.016324753877878292,0.0,0.3309915338804405,0.044329608947618004,0.9667612042610384,0.010542360243673199,0.9955807298312943,0.3309915338804405
0.12888888888888894,0.016339753877878293,0.0,0.3243029222236018,0.04351904841417732,0.9679000084825227,0.010252220588646001,0.9958783621783115,0.3243029222236018
0.12938888888888894,0.016354753877878294,0.0,0.3179551942289439,0.042723311594323625,0.9690369315224445,0.009977153320104482,0.9961651535618169,0.3179551942289439
0.12988888888888894,0.01636975387787829,0.0,0.31193173080604525,0.04194214741373126,0.9701720325446356,0.00971639373911027,0.9964411694299269,0.31193173080604525
0.13038888888888894,0.016384753877878293,0.0,0.30621593562539223,0.04117526608871174,0.9713053752120899,0.009469199637491266,0.9967064740331242,0.30621593562539223
0.13088888888888894,0.016399753877878294,0.0,0.3007918077610515,0.04042237021717808,0.9724370235784544,0.009234862479078877,0.9969611293231413,0.3007918077610515
0.13138888888888894,0.01641475387787829,0.0,0.2956452506340586,0.03968322368156805,0.9735670324800296,0.009012728346370388,0.9972051929123528,0.2956452506340586
0.13188888888888894,0.016429753877878293,0.0,0.2907627057990869,0.03895759036431944,0.9746954567531164,0.008802174132629795,0.9974387203642664,0.2907627057990869
0.13238888888888894,0.016444753877878294,0.0,0.2861311237390042,0.03824523414787005,0.9758223512340153,0.00860260630129008,0.9976617652005947,0.2861311237390042
0.13288888888888895,0.01645975387787829,0.0,0.2817379356531076,0.03754591891465765,0.9769477707590271,0.00841345967887666,0.9978743789080865,0.2817379356531076
0.13338888888888895,0.016474753877878293,0.0,0.2775710262389054,0.03685940854712003,0.9780717701644521,0.008234196281964009,0.9980766109451176,0.2775710262389054
0.13388888888888895,0.016489753877878294,0.0,0.2736187074669643,0.03618546692769498,0.9791944042865914,0.008064304178514139,0.9982685087480407,0.2736187074669643
0.13438888888888895,0.016504753877878295,0.0,0.2698696933496722,0.035523857938820284,0.9803157279617456,0.007903296383797923,0.998450117737296,0.2698696933496722
0.13488888888888895,0.016519753877878292,0.0,0.266313075703237,0.034874345462933734,0.9814357960262151,0.007750709790967287,0.9986214813232789,0.266313075703237
0.13538888888888895,0.016534753877878294,0.0,0.26294055019722173,0.03423677418150472,0.9825546462517231,0.007606123573851245,0.99878263853039,0.26294055019722173
0.13588888888888895,0.016549753877878295,0.0,0.2597412962338248,0.033610845563318295,0.9836723377345248,0.007469102700940738,0.9989336297797783,0.2597412962338248
0.13638888888888895,0.016564753877878292,0.0,0.25670580734841153,0.032996307995425724,0.9847889219980184,0.007339245725982084,0.9990744924240705,0.25670580734841153
0.13688888888888895,0.016579753877878294,0.0,0.25382643190151466,0.03239297426059013,0.9859044384331356,0.007216185618906366,0.999205260576459,0.25382643190151466
0.13738888888888895,0.016594753877878295,0.0,0.25109574951253943,0.03180065714157464,0.9870189264308085,0.007099572934733596,0.999325966915965,0.25109574951253943
0.13788888888888895,0.016609753877878292,0.0,0.24850655741957275,0.031219169421142366,0.9881324253819685,0.006989075071188901,0.9994366426907418,0.24850655741957275
0.13838888888888895,0.016624753877878293,0.0,0.24605185735143292,0.030648323882056447,0.9892449746775479,0.006884375550446599,0.9995373177212536,0.24605185735143292
0.13888888888888895,0.016639753877878295,0.0,0.24372484291251953,0.03008793330708,0.9903566137084783,0.006785173324762983,0.99962802040333,0.24372484291251953
0.13938888888888895,0.016654753877878292,0.0,0.2415188874802655,0.02953781047897616,0.9914673818656916,0.006691182105713158,0.9997087777110963,0.2415188874802655
0.13988888888888895,0.016669753877878293,0.0,0.23942753261538363,0.02899776818050804,0.9925773185401195,0.006602129716706094,0.9997796151997805,0.23942753261538363
0.14038888888888895,0.016684753877878294,0.0,0.23744447698439564,0.028467619194438767,0.9936864631226942,0.006517757468415906,0.9998405570083956,0.23744447698439564
0.14088888888888895,0.016699753877878292,0.0,0.2355635657950857,0.027947176303531468,0.9947948550043471,0.006437819556735897,0.999891625862297,0.2355635657950857
0.14138888888888895,0.016714753877878293,0.0,0.23377878074461808,0.02743625229054927,0.9959025335760102,0.006362082482834127,0.9999328430756171,0.23377878074461808
0.14188888888888895,0.016729753877878294,0.0,0.23208423048003662,0.026934659938255293,0.9970095382286154,0.006290324494865993,0.9999642285535756,0.23208423048003662
0.14238888888888895,0.016744753877878292,0.0,0.23047771033562378,0.026442271182640784,0.9981158794341641,0.006222343636531078,0.9999858003587736,0.23047771033562378
0.14288888888888895,0.016759753877878293,0.0,0.22895375551666408,0.025958859122863692,0.9992215946748608,0.006157933498039658,0.9999975763405992,0.22895375551666408
0.14338888888888895,0.016774753877878294,0.0,0.22750795308372213,0.02548425992876984,1.000326713683437,0.006096907363550954,0.9999995730326762,0.22750795308372213
0.14388888888888896,0.016789753877878292,0.0,0.22613661943228144,0.025018325788771893,1.0014312609026426,0.006039089916199881,0.9999918059689142,0.22613661943228144
0.14438888888888896,0.016804753877878293,0.0,0.22483614048894265,0.024560908891282512,1.0025352607752265,0.005984314421842884,0.9999742898112064,0.22483614048894265
0.14488888888888896,0.016819753877878294,0.0,0.2236029671923302,0.024111861424714366,1.003638737743938,0.005932422349894447,0.9999470383505233,0.2236029671923302
0.14538888888888896,0.016834753877878292,0.0,0.22243361117189558,0.02367103557748012,1.0047417162515264,0.005883263008123705,0.99991006450796,0.22243361117189558
0.14588888888888896,0.016849753877878293,0.0,0.2213246406240276,0.02323828353799243,1.0058442207407412,0.005836693191088308,0.999863380335734,0.2213246406240276
0.14638888888888896,0.016864753877878294,0.0,0.22027267638521128,0.02281345749466397,1.0069462756543317,0.0057925768418765865,0.9998069970181361,0.22027267638521128
0.14688888888888896,0.016879753877878295,0.0,0.21927438820306314,0.022396409635907395,1.0080479054350469,0.0057507847268251635,0.9997409248724342,0.21927438820306314
0.14738888888888896,0.016894753877878293,0.0,0.21832649120429315,0.02198699215013538,1.0091491345256363,0.005711194122875645,0.9996651733497273,0.21832649120429315
0.14788888888888896,0.016909753877878294,0.0,0.21742574256049466,0.02158505722576058,1.0102499873688493,0.0056736885172321274,0.9995797510357537,0.21742574256049466
0.14838888888888896,0.016924753877878295,0.0,0.21657106593692824,0.021190523891141233,1.0113504706219734,0.0056381637071723,0.9994846672666389,0.21657106593692824
0.14888888888888896,0.016939753877878293,0.0,0.2157593058100613,0.020803184524166275,1.0124506085231173,0.005604508518010773,0.9993799293896163,0.2157593058100613
0.14938888888888896,0.016954753877878294,0.0,0.21498787791573223,0.020422891068334233,1.0135504208039559,0.005572623311773637,0.9992655443841428,0.21498787791573223
0.14988888888888896,0.016969753877878295,0.0,0.21425497463353374,0.02004952832482449,1.0146499209025752,0.005542416412449398,0.9991415192701931,0.21425497463353374
0.15038888888888896,0.016984753877878293,0.0,0.2135588092151986,0.019682981094816428,1.0157491222570614,0.005513800636945743,0.9990078605925286,0.2135588092151986
0.15088888888888896,0.016999753877878294,0.0,0.21289761442852664,0.019323134179489422,1.0168480383055007,0.005486693095073241,0.9988645744210255,0.21289761442852664
0.15138888888888896,0.017014753877878295,0.0,0.212269641260687,0.01896987238002286,1.0179466824859793,0.005461014997120633,0.9987116663509897,0.212269641260687
0.15188888888888896,0.017029753877878293,0.0,0.21167315768152745,0.018623080497596114,1.0190450682365833,0.005436691468815987,0.9985491415034555,0.21167315768152745
0.15238888888888896,0.017044753877878294,0.0,0.21110644746636367,0.018282643333388568,1.0201432089953988,0.005413651373468911,0.9983770045254707,0.21110644746636367
0.15288888888888896,0.017059753877878295,0.0,0.21056780907843042,0.017948445688579603,1.021241118200512,0.005391827141090102,0.9981952595903675,0.21056780907843042
0.15338888888888896,0.017074753877878292,0.0,0.2100555546109935,0.017620372364348602,1.0223388092900094,0.005371154604285845,0.9980039103980184,0.2100555546109935
0.15388888888888896,0.017089753877878294,0.0,0.20956800878931642,0.01729830816187494,1.0234362957019767,0.005351572840727075,0.9978029601750781,0.20956800878931642
0.15438888888888896,0.017104753877878295,0.0,0.2091035080318709,0.016982137882337996,1.0245335908745004,0.0053330240219943885,0.9975924116752105,0.2091035080318709
0.15488888888888896,0.017119753877878292,0.0,0.20866039957165539,0.016671746326917158,1.0256307082456664,0.005315453268602928,0.9973722671793022,0.20866039957165539
0.15538888888888897,0.017134753877878293,0.0,0.20823748519795743,0.016367034990766263,1.0267276574636475,0.005298809481159758,0.9971425293060238,0.20823748519795743
0.15588888888888897,0.017149753877878295,0.0,0.20783514108603993,0.016067924358598284,1.0278244348059253,0.005283045154766709,0.9969032033109232,0.20783514108603993
0.15638888888888897,0.017164753877878296,0.0,0.20745115390257662,0.01577424907105754,1.0289210586776734,0.0052681104205155324,0.9966542894598504,0.20745115390257662
0.15688888888888897,0.017179753877878293,0.0,0.20708469934394028,0.015485920991623825,1.0300175356993744,0.005253962278462621,0.9963957902021472,0.20708469934394028
0.15738888888888897,0.017194753877878294,0.0,0.20673495804930778,0.015202851983776933,1.0311138724915114,0.005240559840704471,0.9961277077543279,0.20673495804930778
0.15788888888888897,0.017209753877878292,0.0,0.20640111528659394,0.01492495391099666,1.0322100756745671,0.005227864236713738,0.9958500441001547,0.20640111528659394
0.15838888888888897,0.017224753877878293,0.0,0.20608236065301466,0.014652138636762799,1.0333061518690247,0.005215838522343733,0.9955628009907098,0.20608236065301466
0.15888888888888897,0.017239753877878294,0.0,0.20577788779010076,0.014384318024555144,1.0344021076953671,0.005204447592393404,0.9952659799444654,0.20577788779010076
0.15938888888888897,0.017254753877878296,0.0,0.20548689411316345,0.01412140393785349,1.0354979497740768,0.00519365809662627,0.9949595822473485,0.20548689411316345
0.15988888888888897,0.017269753877878293,0.0,0.2052085805551672,0.013863308240137632,1.0365936847256374,0.005183438359138256,0.9946436089528026,0.2052085805551672
0.16038888888888897,0.017284753877878294,0.0,0.20494215132545138,0.013609942794887362,1.0376893191705312,0.005173758300971009,0.9943180608818473,0.20494215132545138
0.16088888888888897,0.017299753877878295,0.0,0.20468681368228495,0.013361219465582476,1.0387848597292415,0.005164589365868887,0.9939829386231323,0.20468681368228495
0.16138888888888897,0.017314753877878293,0.0,0.20444177772049138,0.013117050115702768,1.0398803130222511,0.005155904449079536,0.993638242532989,0.20444177772049138
0.16188888888888897,0.017329753877878294,0.0,0.2042062561733621,0.012877346608728035,1.040975685670043,0.005147677829099746,0.9932839727354793,0.2042062561733621
0.16238888888888897,0.017344753877878295,0.0,0.20397946422887533,0.012642020808138065,1.0420709842931,0.005139885102270094,0.992920129122439,0.20397946422887533
0.16288888888888897,0.017359753877878293,0.0,0.20376165648872188,0.012411054324756933,1.0431662065737293,0.005132505497766849,0.9925467144401365,0.20376165648872188
0.16338888888888897,0.017374753877878294,0.0,0.2035520517589735,0.012184298943587617,1.0442613591254282,0.005125514831612267,0.9921637283534795,0.2035520517589735
0.16388888888888897,0.017389753877878295,0.0,0.2033499266962753,0.011961654285641998,1.0453564480806785,0.005118891874609041,0.9917711704700188,0.2033499266962753
0.16438888888888897,0.017404753877878293,0.0,0.20315493642573162,0.011743055227452353,1.046451476321268,0.005112617617360356,0.9913690413902987,0.20315493642573162
0.16488888888888897,0.017419753877878294,0.0,0.20296673709054355,0.011528436645550963,1.0475464467289846,0.005106673980735521,0.9909573416137913,0.20296673709054355
0.16538888888888897,0.017434753877878295,0.0,0.20278498579539914,0.011317733416470108,1.0486413621856154,0.005101043774310265,0.9905360715389111,0.20278498579539914
0.16588888888888897,0.017449753877878293,0.0,0.20260934055281257,0.011110880416742068,1.0497362255729485,0.005095710656418321,0.9901052314630271,0.20260934055281257
0.16638888888888897,0.017464753877878294,0.0,0.20243946023229478,0.010907812522899124,1.0508310397727714,0.005090659095765802,0.9896648215824757,0.20243946023229478
0.16688888888888898,0.017479753877878295,0.0,0.20227500451196034,0.010708464611473555,1.0519258076668718,0.005085874334560588,0.9892148419925721,0.20227500451196034
0.16738888888888898,0.017494753877878293,0.0,0.20211563383321496,0.01051277155899764,1.0530205321370374,0.00508134235310986,0.9887552926876215,0.20211563383321496
0.16788888888888898,0.017509753877878294,0.0,0.20196100935806907,0.010320668242003662,1.0541152160650558,0.005077049835839692,0.9882861735609293,0.20196100935806907
0.16838888888888898,0.017524753877878295,0.0,0.20181079292896192,0.010132089537023896,1.0552098623327146,0.005072984138691511,0.9878074844048108,0.20181079292896192
0.16888888888888898,0.017539753877878296,0.0,0.20166464703173806,0.009946970320590628,1.0563044738218017,0.005069133257851086,0.9873192249106002,0.20166464703173806
0.16938888888888898,0.017554753877878294,0.0,0.20152223476109016,0.009765245469236133,1.0573990534141045,0.005065485799766579,0.9868213946686591,0.20152223476109016
0.16988888888888898,0.017569753877878295,0.0,0.20138321978880397,0.009586849859492694,1.0584936039914108,0.005062030952413106,0.9863139931683841,0.20138321978880397
0.17038888888888898,0.017584753877878292,0.0,0.20124726633474718,0.00941171836789259,1.0595881284355084,0.005058758457762111,0.9857970197982134,0.20124726633474718
0.17088888888888898,0.017599753877878294,0.0,0.20111403914076206,0.009239785870968102,1.0606826296281846,0.005055658585414783,0.9852704738456343,0.20111403914076206
0.17138888888888898,0.017614753877878295,0.0,0.20098320344689366,0.00907098724525151,1.0617771104512275,0.005052722107359637,0.9847343544971874,0.20098320344689366
0.17188888888888898,0.017629753877878296,0.0,0.2008554065406619,0.008905328233688276,1.0628715652660805,0.005049941543778933,0.984188665123972,0.2008554065406619
0.17238888888888898,0.017644753877878293,0.0,0.20072993878395956,0.008742669876022686,1.0639660002097182,0.005047307188354419,0.9836334032686813,0.20072993878395956
0.17288888888888898,0.017659753877878295,0.0,0.20060662926197495,0.008582961408012043,1.0650604167480207,0.00504481142934076,0.9830685686902955,0.20060662926197495
0.17338888888888898,0.017674753877878296,0.0,0.20048534532301937,0.008426155995107654,1.066154816016535,0.005042447095888288,0.9824941612712735,0.20048534532301937
0.17388888888888898,0.017689753877878293,0.0,0.20036595450441114,0.008272206802760822,1.0672491991508088,0.005040207368638556,0.9819101808542994,0.20036595450441114
0.17438888888888898,0.017704753877878295,0.0,0.20024832452638416,0.008121066996422857,1.0683435672863886,0.005038085763971035,0.9813166272422835,0.20024832452638416
0.17488888888888898,0.017719753877878296,0.0,0.20013232328582617,0.007972689741545065,1.0694379215588221,0.005036076118865016,0.9807135001983635,0.20013232328582617
0.17538888888888898,0.017734753877878293,0.0,0.2000178188512719,0.00782702820357875,1.070532263103656,0.005034172576357795,0.9801007994459066,0.2000178188512719
0.17588888888888898,0.017749753877878294,0.0,0.19990467945772622,0.007684035547975221,1.0716265930564377,0.005032369571580544,0.9794785246685099,0.19990467945772622
0.17638888888888898,0.017764753877878296,0.0,0.19979277350210203,0.007543664940185784,1.0727209125527144,0.0050306618183536735,0.9788466755100018,0.19979277350210203
0.17688888888888898,0.017779753877878293,0.0,0.19968196953909925,0.007405869545661744,1.073815222728033,0.005029044296323789,0.9782052515744435,0.19968196953909925
0.17738888888888898,0.017794753877878294,0.0,0.1995721362776107,0.007270602529854408,1.074909524717941,0.005027512238624781,0.9775542524261287,0.1995721362776107
0.17788888888888899,0.017809753877878295,0.0,0.19946314257724956,0.0071378170582150815,1.076003819657985,0.005026061120045877,0.9768936775895859,0.19946314257724956
0.17838888888888899,0.017824753877878293,0.0,0.19935485744552084,0.007007466296195074,1.0770981086837128,0.005024686645689913,0.9762235265495777,0.19935485744552084
0.17888888888888899,0.017839753877878294,0.0,0.19924715003559246,0.006879503409245689,1.0781923929306714,0.005023384740105396,0.975543798751102,0.19924715003559246
0.179388888888889,0.017854753877878295,0.0,0.1991398896440717,0.006753881562818233,1.0792866735344075,0.005022151536876322,0.9748544935993931,0.1991398896440717
0.179888888888889,0.017869753877878293,0.0,0.19903294570945457,0.006630553922364014,1.0803809516304688,0.0050209833686540774,0.9741556104599209,0.19903294570945457
0.180388888888889,0.017884753877878294,0.0,0.19892619257247252,0.006509474483422084,1.0814752283128721,0.005019876765724287,0.9734471486854614,0.19892619257247252
0.180888888888889,0.017899753877878295,0.0,0.19881993201354856,0.006390647958849913,1.0825695009475544,0.005018828915541666,0.9727291100530873,0.19881993201354856
0.181388888888889,0.017914753877878296,0.0,0.19871384720002874,0.006273971362832782,1.083663772296256,0.005017836129657066,0.9720014928206409,0.19871384720002874
0.181888888888889,0.017929753877878294,0.0,0.19860788788309788,0.006159411063057034,1.0847580427965833,0.005016895566954802,0.9712642967251702,0.19860788788309788
0.182388888888889,0.017944753877878295,0.0,0.1985020038676568,0.006046933427209014,1.0858523128861417,0.005016004525035931,0.9705175214884001,0.1985020038676568
0.182888888888889,0.017959753877878293,0.0,0.19839614501199943,0.005936504822975065,1.0869465830025373,0.005015160434031375,0.9697611668167315,0.19839614501199943
0.183388888888889,0.017974753877878294,0.0,0.1982902612279445,0.005828091618041533,1.0880408535833763,0.005014360850655288,0.968995232401242,0.1982902612279445
0.183888888888889,0.017989753877878295,0.0,0.19818430248078414,0.005721660180094762,1.0891351250662644,0.0050136034524912755,0.9682197179176856,0.19818430248078414
0.184388888888889,0.018004753877878296,0.0,0.1980782187894116,0.005617176876821095,1.0902293978888078,0.005012886032504257,0.9674346230264929,0.1980782187894116
0.184888888888889,0.018019753877878294,0.0,0.19797196022646876,0.005514608075906877,1.0913236724886122,0.0050122064937708904,0.9666399473727708,0.19797196022646876
0.185388888888889,0.018034753877878295,0.0,0.19786547691865847,0.005413920145038452,1.0924179493032835,0.005011562844421606,0.9658356905863029,0.19786547691865847
0.185888888888889,0.018049753877878296,0.0,0.1977587190468881,0.0053150794519021645,1.093512228770428,0.005010953192787461,0.9650218522815486,0.1977587190468881
0.186388888888889,0.018064753877878294,0.0,0.19765163684665082,0.005218052364184358,1.0946065113276515,0.005010375742745147,0.9641984320576438,0.19765163684665082
0.186888888888889,0.018079753877878295,0.0,0.19754418060864268,0.005122805249571377,1.0957007974125599,0.005009828789253647,0.9633654294984006,0.19754418060864268
0.187388888888889,0.018094753877878296,0.0,0.19743630067895215,0.0050293044757495665,1.0967950874627592,0.005009310714076153,0.9625228441723072,0.19743630067895215
0.187888888888889,0.018109753877878294,0.0,0.1973279474597029,0.004937516410405269,1.0978893819158555,0.0050088199816810215,0.9616706756325272,0.1973279474597029
0.188388888888889,0.018124753877878295,0.0,0.1972190714098465,0.004847407421224831,1.0989836812094547,0.005008355135315679,0.9608089234169002,0.1972190714098465
0.188888888888889,0.018139753877878296,0.0,0.19710962304555615,0.0047589438758945946,1.1000779857811624,0.005007914793247513,0.9599375870479417,0.19710962304555615
0.189388888888889,0.018154753877878294,0.0,0.19699829775548144,0.004672098237047329,1.1011723070701172,0.005007497676830742,0.9590566571284397,0.19699829775548144
0.189888888888889,0.018169753877878295,0.0,0.19687659601507215,0.004586895375644221,1.1022667196100149,0.005007102832616342,0.9581660722408264,0.19687659601507215
0.190388888888889,0.018184753877878296,0.0,0.1967651432854391,0.00450322429236374,1.1033610425939946,0.005006728673654859,0.9572659794955297,0.19676420646118575
0.190888888888889,0.018199753877878293,0.0,0.19666407132788094,0.004421062024891552,1.1044552747901042,0.005006374141213096,0.9563563822740953,0.19665173389919685
0.191388888888889,0.018214753877878295,0.0,0.19657351256908506,0.0043403856109133256,1.1055494149663914,0.005006038227628144,0.95543728400101,0.1965368274471982
0.191888888888889,0.018229753877878296,0.0,0.19649360013805656,0.004261172088114728,1.1066434618909045,0.005005719974066637,0.9545086881436928,0.196419623550224
0.192388888888889,0.018244753877878293,0.0,0.1964244679040671,0.004183398494181426,1.107737414331691,0.005005418468369067,0.9535705982124862,0.19630025945160356
0.192888888888889,0.018259753877878294,0.0,0.1963662505147741,0.00410704186679909,1.108831271056799,0.005005132842976629,0.9526230177606463,0.19617887323106808
0.193388888888889,0.018274753877878296,0.0,0.19631908343489907,0.004032079243653384,1.1099250308342763,0.005004862272938112,0.9516659503843337,0.19605560384341608
0.193888888888889,0.018289753877878297,0.0,0.1962831029854786,0.003958487662429979,1.111018692432171,0.005004605973994397,0.9506993997226041,0.19593059115775183
0.194388888888889,0.018304753877878294,0.0,0.1962584463835603,0.0038862441608145406,1.1121122546185307,0.005004363200738174,0.949723369457399,0.19580397599716806
0.194888888888889,0.018319753877878295,0.0,0.19624525178241367,0.0038153257764927373,1.1132057161614035,0.00500413324484653,0.9487378633135349,0.19567590017894385
0.195388888888889,0.018334753877878293,0.0,0.1962436583122284,0.0037457095471502364,1.1142990758288374,0.005003915433384114,0.9477428850586948,0.19554650655522945
0.195888888888889,0.018349753877878294,0.0,0.19625380612140036,0.0036773725104727057,1.11539233238888,0.005003709127174615,0.946738438503417,0.19541593905431892
0.196388888888889,0.018364753877878295,0.0,0.19627583641810312,0.003610291704145813,1.1164854846095793,0.005003513719238367,0.9457245275010858,0.19528434272220777
0.196888888888889,0.018379753877878297,0.0,0.1963098915126632,0.003544444165855226,1.1175785312589832,0.005003328633293906,0.9447011559479213,0.19515186376495475
0.197388888888889,0.018394753877878294,0.0,0.19635611486013435,0.0034798069332866123,1.1186714711051395,0.005003153322321372,0.9436683277829682,0.19501864959124177
0.197888888888889,0.018409753877878295,0.0,0.1964146511036757,0.003416357044125639,1.1197643029160964,0.005002987267185698,0.942626046988086,0.19488484885573812
0.198388888888889,0.018424753877878296,0.0,0.19648564611814331,0.003354071536057974,1.1208570254599015,0.005002829975317553,0.9415743175879389,0.19475061150267772
0.198888888888889,0.018439753877878294,0.0,0.19656924705428383,0.003292927446769286,1.121949637504603,0.005002680979450082,0.9405131436499837,0.19461608881003806
0.199388888888889,0.018454753877878295,0.0,0.19666560238371786,0.0032329018139452413,1.1230421378182482,0.0050025398364095044,0.9394425292844608,0.19448143343450935
0.199888888888889,0.018469753877878296,0.0,0.19677486194377644,0.0031739716752715082,1.1241345251688857,0.0050024061259577,0.9383624786443812,0.19434679945631572
0.200388888888889,0.018484753877878294,0.0,0.19689717698353032,0.0031161140684337544,1.125226798324563,0.005002279449684936,0.9372729959255169,0.19421234242522994
0.200888888888889,0.018499753877878295,0.0,0.19703182390992746,0.0030593096926598683,1.1263189637333295,0.005002159438295211,0.9361740776053511,0.19407734116519715
0.201388888888889,0.018514753877878296,0.0,0.19717723366640533,0.003003543062893605,1.1274110352519326,0.0050020457494583045,0.9350657123841231,0.193940226771181
0.201888888888889,0.018529753877878294,0.0,0.1973342676133771,0.002948792747243895,1.1285030054409115,0.0050019380446914685,0.9339479103706122,0.19380186598685833
0.202388888888889,0.018544753877878295,0.0,0.19750296354319438,0.002895041741864443,1.1295948740903707,0.005001836012162593,0.9328206744380039,0.19366230025519537
0.202888888888889,0.018559753877878296,0.0,0.19768336030974124,0.0028422730429089544,1.1306866409904135,0.0050017393555158865,0.9316840074665711,0.19352157209027182
0.203388888888889,0.018574753877878294,0.0,0.19787549783522299,0.002790469646531133,1.1317783059311446,0.005001647793165602,0.9305379123436707,0.19337972508406628
0.203888888888889,0.018589753877878295,0.0,0.1980794171176483,0.0027396145488846847,1.1328698687026675,0.005001561057618112,0.9293823919637436,0.19323680391393705
0.204388888888889,0.018604753877878296,0.0,0.1982951602375167,0.002689690746123314,1.1339613290950865,0.005001478894821438,0.9282174492283117,0.19309285434930665
0.204888888888889,0.018619753877878294,0.0,0.19852277036509877,0.0026406812344007256,1.1350526868985054,0.005001401063541325,0.9270430870459772,0.19294792325893997
0.205388888888889,0.018634753877878295,0.0,0.19876229176758645,0.002592569009870624,1.1361439419030284,0.0050013273347629976,0.9258593083324194,0.1928020586180922
0.205888888888889,0.018649753877878296,0.0,0.19901376981606972,0.0025453370686867147,1.1372350938987592,0.00500125749111774,0.924666116010395,0.19265530951548313
0.206388888888889,0.018664753877878297,0.0,0.19927725099275928,0.002498968407002702,1.1383261426758022,0.005001191326333464,0.9234635130097344,0.19250772616051764
0.206888888888889,0.018679753877878295,0.0,0.1995526354254987,0.002453447239326329,1.139417089308541,0.005001128646508538,0.9222515008349373,0.19235921191119837
0.207388888888889,0.018694753877878296,0.0,0.1998398045978695,0.0024087579075943275,1.1405079350397076,0.005001069267736923,0.9210300807635092,0.19220965136182605
0.207888888888889,0.018709753877878293,0.0,0.20013877832694163,0.002364885601931192,1.1415986799143838,0.005001013016598171,0.9197992553860155,0.19205906788189328
0.208388888888889,0.018724753877878295,0.0,0.20044956176113732,0.002321815827411269,1.1426893241137381,0.005000959728816744,0.9185590271358584,0.1919074701112908
0.208888888888889,0.018739753877878296,0.0,0.20077216098977935,0.0022795340891089053,1.14377986781894,0.005000909248380219,0.9173093984398727,0.1917548676219321
0.209388888888889,0.018754753877878297,0.0,0.20110658303747803,0.0022380258920984475,1.1448703112111576,0.005000861427155126,0.9160503717183294,0.1916012709121436
0.209888888888889,0.018769753877878294,0.0,0.20145283509599782,0.002197276751964321,1.1459606544781624,0.005000816124531158,0.9147819493772259,0.19144669063546027
0.21038888888888901,0.018784753877878296,0.0,0.2018108985475358,0.0021572727577806278,1.147050898039201,0.005000773207712533,0.9135041335434582,0.19129111151624817
0.21088888888888901,0.018799753877878297,1.0,0.2023214659273066,0.006996171378637828,1.148139825125365,0.005033543787893137,0.9122183688473051,0.19127582438044258
0.21138888888888901,0.018814753877878294,1.0,0.20647537983650216,0.0159578437016901,1.1491974269359604,0.005471562336012583,0.910960511182755,0.19490673474088654
0.21188888888888902,0.018829753877878296,1.0,0.2242208363933067,0.02483863859205318,1.1501419784012807,0.006948317538197574,0.9098295452869973,0.21217486658233292
0.21238888888888902,0.018844753877878297,1.0,0.2695314673510202,0.03363928599388449,1.15088018674549,0.010143028781120014,0.9089406769905841,0.2571057298126471
0.21288888888888902,0.018859753877878294,1.0,0.35733329151083754,0.04236050922739657,1.1513619123799945,0.015717395125399727,0.9083582859226834,0.34465655459626166
0.21338888888888902,0.018874753877878295,1.0,0.49533380673644606,0.05100302506547688,1.1516303239008863,0.024269624435043685,0.9080329794948493,0.48251612728752513
0.21388888888888902,0.018889753877878297,1.0,0.6802538734396697,0.05956754380725688,1.1517824204924798,0.036298668515037574,0.9078483873177762,0.6673559824089393
0.21438888888888902,0.018904753877878294,1.0,0.9073034757627346,0.0680547693760528,1.1518818100588588,0.052167535111046895,0.9077276630929789,0.8943530342282674
0.21488888888888902,0.018919753877878295,1.0,1.174593745539319,0.07646539937669976,1.1519538727729088,0.07206940842747785,0.9076400821972586,1.161605135285305
0.21538888888888902,0.018934753877878296,1.0,1.4822089502949216,0.08480012503636362,1.1520071743309739,0.09600683255428778,0.9075752758076516,1.4691920722160192
0.21588888888888902,0.018949753877878294,1.0,1.8316298673968543,0.09305963105699062,1.1520430173241338,0.12378724678078569,0.9075316835318925,1.8185939631493269
0.21638888888888902,0.018964753877878295,1.0,2.2244368506723218,0.1012445971909087,1.1520620526352647,0.15503808718956463,0.9075085285933999,2.2113908364567325
0.21688888888888902,0.018979753877878296,1.0,2.662509894911746,0.1093556952957774,1.1520640649309983,0.1892372745106602,0.9075060806266445,2.649462811703628
0.21738888888888902,0.018994753877878294,1.0,3.1486770966031896,0.11739359203631089,1.1520468906811192,0.22575512814130064,0.9075269721368151,3.1356391354693884
0.21788888888888902,0.019009753877878295,1.0,3.679537781076702,0.12535894847773404,1.1520217053959105,0.2639155673860374,0.907557604354076,3.666513191296234
0.21838888888888902,0.019024753877878296,1.0,4.248824445139712,0.13325241904688295,1.1520020082662155,0.30303989650289587,0.9075815579321495,4.235810308164362
0.21888888888888902,0.019039753877878294,1.0,4.850494085889169,0.14107465251697493,1.151997401394834,0.3424823908439309,0.9075871598768709,4.8374823930670265
0.21938888888888902,0.019054753877878295,1.0,5.4831375323790725,0.14882629181532292,1.1520074976892962,0.3816535036673198,0.9075748825849544,5.470120482717297
0.21988888888888902,0.019069753877878296,1.0,6.143568445111669,0.15650797405571845,1.1520348203400261,0.4200514251956323,0.9075416536167039,6.13053689321064
0.22038888888888902,0.019084753877878294,1.0,6.826351678738135,0.164120328114828,1.1520847512795775,0.4572725641574637,0.9074809137129162,6.8132936037750325
0.22088888888888902,0.019099753877878295,1.0,7.5255244883539705,0.17166398694143992,1.152162430032281,0.49300917141900485,0.9073863795466848,7.5124250972272035
0.22138888888888902,0.019114753877878296,1.0,8.233691838352478,0.17913956504093123,1.1522740945383871,0.5270445235685268,0.9072504005300573,8.220532940215556
0.22188888888888902,0.019129753877878297,1.0,8.942652588256351,0.18654767468046146,1.1524261110115936,0.5592415622533949,0.9070651227275253,8.929412462426292
0.2222222222222222,0.019139753877878293,1.0,9.411388727828747,0.19144923431654276,1.1525530168957983,0.5796480206934315,0.9069103081439611,9.398080600352671
